1.87954
0.971739
0.953179
1.57376
0.945164
0.865253
0.249195
0.78864
0.986849
0.274254
0.567436
0.369459
0.700719
0.580821
0.694089
1.31274
0.647271
0.810154
0.569613
1.09858
0.308223
0.786122
1.13802
0.860405
1.13988
1.10468
0.399575
0.772061
0.730297
0.758862
0.886171
0.751936
0.204682
0.469338
0.565895
0.876601
0.732898
0.967298
0.79666
0.861644
0.460426
0.217071
1.2233
0.530927
0.386112
1.05525
0.642265
0.552234
0.263048
0.941346
0.491459
1.02706
0.732551
0.599342
1.03499
0.638277
0.607207
0.751369
0.858528
0.911409
0.978298
1.10004
0.615708
0.745827
1.03075
1.04784
1.09411
0.863008
1.01636
0.602256
0.522589
0.551757
0.381263
0.960155
0.876607
0.554112
0.807125
0.512409
0.956132
0.62509
0.36213
0.642506
1.07717
0.935804
0.556102
1.05761
0.984704
0.414707
0.460775
0.626469
0.893344
0.80437
1.07593
0.94972
0.77265
1.04173
0.954756
0.893193
1.14698
0.645727
0.732422
0.927655
0.852197
0.767185
0.372129
0.649959
0.893425
0.982003
0.947075
0.910083
0.818434
0.36458
0.96979
0.809178
0.649142
0.675814
0.886131
0.837045
0.74584
0.94111
0.561472
0.951363
0.503183
0.783315
0.801462
0.84228
0.740527
0.936103
0.524347
0.648578
0.964418
0.610048
0.857081
0.87655
0.784393
0.756486
1.02785
1.04944
1.45745
0.612031
0.949754
1.80481
0.96975
0.997309
0.887291
0.646687
0.901259
0.686795
0.799026
0.893621
1.02173
0.524438
0.759572
1.27862
1.1222
0.694265
0.745193
2.54088
1.11458
0.808181
0.839251
0.324805
0.76033
1.08234
0.944087
0.739917
0.812801
0.776639
0.700582
1.46924
1.01696
0.610822
1.12687
0.899582
0.815519
0.63546
0.997236
0.986944
0.750511
0.653122
1.15071
0.699533
1.1401
1.02264
0.784755
1.1522
0.577037
0.712554
0.782711
0.990253
1.2664
0.921928
0.888454
0.633965
0.893672
0.997569
0.782838
0.635664
0.677105
0.557938
0.624884
1.27
0.884175
1.43
0.808675
0.953467
0.609745
0.674675
0.707362
0.857079
0.890063
1.09051
1.55162
1.01933
0.711724
1.57084
0.562442
0.945324
0.69166
1.12289
1.03937
0.72751
0.944131
0.693211
1.05523
0.851485
0.591252
0.682113
0.614684
0.973538
0.749263
0.795857
0.966558
0.676129
0.779348
1.09759
0.952984
0.911092
1.03292
0.876415
0.860348
1.08687
0.843943
0.847291
0.9596
1.54036
1.2987
0.638872
1.07176
0.670062
0.677252
0.623696
0.808344
1.11485
0.832345
0.587812
0.68596
1.12429
1.33391
0.557156
0.503908
0.823175
0.901757
0.792464
0.909817
1.12307
0.605141
1.04618
0.779028
0.720535
1.14012
0.914247
0.553388
0.607587
0.640362
0.880922
0.753759
0.609998
0.565404
0.652973
1.12988
1.02249
0.573989
0.730496
0.824323
1.30553
0.744886
0.831897
0.835026
0.834092
0.848387
0.321457
0.893887
0.656571
1.07346
0.781044
0.965509
0.673783
0.999593
0.944588
0.989291
0.813559
0.845093
0.930411
0.661731
0.8484
0.849805
0.385867
0.907702
0.616771
0.501845
0.759792
0.856609
1.08368
0.542466
0.863002
0.385456
0.888281
0.818009
1.01523
0.642906
0.777027
0.461289
0.987703
0.985432
0.712371
0.693742
0.844999
0.934952
1.29316
1.06973
0.700366
1.00626
0.7207
0.643632
0.343453
0.715529
0.4755
0.720228
0.590628
1.17272
1.69241
1.06991
0.745738
0.955529
0.708596
0.879761
0.867739
1.0922
0.727193
1.151
0.85858
0.616154
0.809294
1.85423
0.549742
1.01576
1.17645
0.983561
0.791588
0.471247
0.527258
0.490554
1.09336
0.808174
0.759361
0.385998
0.503673
1.07637
0.67274
1.10559
0.995694
0.996437
0.429406
0.754938
1.16823
0.997792
0.859349
0.617167
0.501972
0.659752
0.703608
1.00291
1.04625
0.705974
0.744169
0.760063
0.535618
0.67391
0.821399
0.684094
0.597407
0.934527
0.535828
0.524632
0.448399
0.752272
1.30187
0.440176
1.15627
0.896723
1.58947
1.49327
0.766138
0.646899
0.898838
0.587077
0.892749
0.78148
0.570428
0.874276
0.572718
0.0604729
0.726638
0.958934
1.00638
0.848801
1.16833
0.60676
0.820991
0.83746
1.57297
0.117185
0.69928
0.721078
1.08298
0.44322
0.574803
0.627494
0.893336
0.803742
1.22574
0.722676
0.545908
1.18648
1.00189
0.510692
0.908133
0.789748
0.469348
0.52371
0.655289
1.00625
0.918537
1.01408
0.52952
0.770812
0.429974
1.06655
0.753533
0.795693
0.614146
1.02261
1.3021
0.361768
0.519991
1.09559
0.947438
0.961123
0.762572
0.792369
1.57078
0.589743
0.58717
0.704932
1.36725
0.560883
0.775963
0.939763
1.02039
0.65024
0.512914
0.769747
0.785543
0.840241
0.631046
0.828253
0.689345
0.644973
1.12181
0.339352
0.533085
0.809317
0.909163
1.13493
0.576997
1.06872
0.638402
0.515226
0.578862
0.944515
1.39597
0.364863
0.898879
0.781299
0.437025
0.587581
0.97106
0.610875
1.07765
0.660352
0.714248
0.574075
0.787156
0.568332
1.16996
0.919703
0.526149
0.914962
0.934256
0.865723
1.24393
0.970562
0.753812
0.584095
0.489501
0.967443
1.27472
0.741502
0.998516
0.629994
0.939748
0.543906
0.702864
0.443834
1.14923
0.746375
0.477795
0.73979
1.09456
0.390291
0.735014
1.58127
0.562331
0.996874
0.504603
0.728503
0.968792
0.910284
0.802739
0.828642
0.778843
1.08624
1.41361
0.975688
0.808773
0.926708
0.224605
0.672155
0.923714
1.36549
0.646167
0.702483
0.645756
0.766864
0.676324
0.961833
0.892818
0.828566
0.837404
0.616219
0.703287
0.835178
0.733144
0.501282
0.872272
0.780856
1.09207
0.464897
0.992838
1.20014
0.888662
0.27432
0.546075
1.05486
0.699759
1.02131
0.951212
0.578806
0.778733
0.927324
1.02035
0.782007
1.07834
0.583932
0.740123
0.77773
0.725214
0.72613
0.588323
1.13896
0.560763
0.933632
1.12882
0.766048
1.36112
1.03486
0.691508
1.17948
1.10235
0.420303
1.58252
1.2959
1.03523
0.748355
1.3948
0.516597
0.488515
0.572241
0.505711
1.05682
1.24585
0.568995
0.750547
0.386542
0.647671
0.567256
0.64842
0.513709
1.16245
0.680424
0.608367
0.971666
0.484608
0.483557
0.616367
0.742234
0.957223
1.07367
1.22212
0.689376
0.502301
0.574679
0.805176
1.08611
1.44194
0.674337
0.749501
0.751094
0.658581
0.885485
0.678754
0.746229
0.684243
0.638811
0.999581
0.523571
1.00873
1.57791
0.449004
0.841614
0.429869
0.541993
0.466796
0.898044
0.439613
0.672517
1.08381
0.834029
0.974897
1.2115
0.624476
0.743124
0.785266
0.660095
0.70361
1.58255
0.457504
0.412092
1.38501
0.860776
0.795199
0.616087
0.749832
0.654685
1.1955
0.645075
0.535196
0.97869
0.870007
0.491793
0.543284
0.82889
0.502818
1.34096
0.839806
0.94116
0.579269
0.496597
1.10249
0.58021
0.563606
0.517456
1.37381
0.930657
0.913447
0.57745
0.909448
0.653677
0.65284
1.2289
0.481666
0.32074
0.687909
0.5301
0.992001
0.553135
0.62065
0.782152
0.782506
0.907646
0.928018
0.860437
0.522611
0.973767
0.184465
0.566345
0.45964
0.311328
0.55673
0.59254
0.877393
0.77684
0.674369
0.870207
1.31914
1.14772
0.718661
1.20059
0.505629
1.06255
1.00649
0.872403
0.932834
0.945709
0.556881
1.19156
1.34503
0.540608
0.528156
0.460999
0.536826
0.424033
0.700967
0.932763
0.804043
0.678755
0.81719
0.85698
1.17502
0.871688
0.498273
0.385695
0.405475
0.795727
0.66289
0.75117
0.625712
0.799577
0.370326
1.39182
0.945041
1.18186
1.06298
0.642401
0.283533
0.375796
0.610731
0.588479
0.488631
0.80912
0.945328
0.385746
0.642696
0.696635
0.47209
1.26207
0.990968
1.07632
0.864812
0.325765
0.698146
1.2322
0.740597
0.693146
0.773103
0.604121
0.256426
0.300685
0.655492
1.24388
0.553266
0.271221
0.70092
0.644108
0.683139
0.38672
0.563233
1.1333
2.17081
0.433305
0.813464
0.40452
0.628976
0.698356
0.777449
1.01163
1.14827
0.886337
0.71327
1.09043
0.793294
0.501256
0.543341
0.850478
0.711633
0.359428
0.663475
0.650715
0.46716
0.75916
0.984188
0.265733
1.11167
1.08478
1.24325
1.06006
0.706132
0.803028
0.60899
0.708425
0.767266
0.46403
1.32975
0.448723
0.559474
0.718068
0.411472
0.603788
1.26603
0.343288
0.576507
0.419272
0.489248
0.617565
0.0892288
0.694654
0.42345
0.685547
0.728559
0.419355
0.698667
0.901273
0.606574
1.18293
0.927981
0.843491
0.959168
1.00113
0.370389
0.749932
0.424342
0.431842
0.721356
1.4909
1.36838
1.4028
0.768368
0.565464
0.642954
0.588266
0.517422
0.443437
0.842059
1.12744
0.405237
0.749183
0.224911
0.75268
0.814252
0.654467
0.582247
0.356697
1.1499
0.829997
0.4149
0.957353
0.686293
0.53945
0.591564
0.918474
0.992565
0.620935
0.654794
0.749395
0.993399
0.879528
0.729712
0.398115
1.33739
1.20985
1.28716
0.604686
0.624706
0.714984
0.955132
0.971669
0.709423
0.758386
0.590923
1.16042
1.35384
0.506487
0.369063
0.781469
0.885598
0.969627
0.565576
0.908388
0.578388
0.547329
0.519659
0.286691
0.800795
0.96093
0.556408
0.455274
0.592135
0.484768
1.16547
0.7615
1.15613
0.862104
1.12233
0.585669
0.841297
0.37484
0.487008
0.945421
0.717676
0.53679
0.752162
1.15124
0.674958
0.979136
0.79527
0.91097
0.506954
0.669397
0.720249
0.306352
1.09709
0.409441
1.10145
1.00762
0.553447
0.926875
0.990376
0.443633
0.545295
0.933159
0.904851
0.960025
0.694806
0.841892
0.381146
0.947554
0.553198
1.20414
0.376972
0.557184
0.451567
1.11808
0.369337
0.676754
1.02223
1.32034
0.767774
0.750763
0.704315
0.426898
0.506715
0.382404
0.650273
0.877281
0.752161
0.942278
0.471684
0.602742
0.326286
0.537373
0.656645
0.650028
0.398645
0.271056
0.210597
0.746145
0.812177
0.461901
0.46715
0.726428
0.63866
0.715941
0.478615
0.526042
1.08584
0.299612
0.680117
0.848614
0.95085
0.745752
0.910064
0.661355
0.601885
0.396257
0.634667
0.553429
0.73238
0.0555032
0.637263
0.716656
0.741623
1.10613
0.769992
0.543196
1.05807
0.49975
0.522448
1.54945
1.03998
0.622494
0.456059
0.611639
0.888802
0.564575
0.686522
0.799758
0.245428
0.771975
0.551229
0.564641
0.413519
0.626799
0.269627
0.638648
0.453485
0.862109
0.855136
0.566695
0.617726
0.654074
0.684328
0.908708
1.47495
0.450389
0.561705
1.01676
0.386369
1.1812
0.710481
0.607143
0.379936
0.40307
0.529374
0.876742
0.762244
0.640565
0.633187
0.84404
1.15489
1.06705
0.613899
0.581486
0.74902
0.53844
0.443439
1.19385
0.820722
0.476022
0.593864
0.727644
0.709469
0.993916
1.02317
0.61472
0.59764
0.528204
0.695652
1.04104
0.506078
0.658531
0.570736
0.564601
0.435294
0.557799
0.697979
1.02562
1.75369
0.676253
0.588281
0.872197
1.14925
0.527244
0.735714
0.722217
0.915045
0.453799
0.793936
0.931199
0.860732
1.03545
0.928182
0.774998
0.514352
0.665961
0.583074
0.537368
0.621073
1.08097
0.292627
1.36447
0.557574
0.85135
0.445019
0.592995
0.560702
0.471188
1.15854
1.32108
0.594877
0.75641
0.922116
0.786998
0.866436
0.570029
0.574666
0.952941
0.480249
0.336554
0.416767
0.635834
0.689754
0.78663
1.01313
0.784568
1.29397
0.519272
1.00639
1.57357
0.62592
0.557534
0.339238
0.493787
0.68126
0.468094
0.728766
0.711321
0.804757
0.735681
0.546101
0.457855
1.09877
0.792944
0.776288
0.853022
0.733347
0.285202
0.432996
0.668231
0.642956
0.612996
0.663546
0.894926
0.422458
0.544935
1.14696
1.35502
0.949498
0.659663
0.302777
0.585807
0.669676
0.910767
1.25145
0.480093
0.463388
1.17547
0.236869
1.12306
0.394845
0.0233828
0.810892
0.6528
0.475251
0.592241
0.567779
0.647513
0.984192
0.477166
0.956963
0.520837
0.391963
0.433741
0.476061
0.5422
0.347226
0.570863
0.538341
0.580527
0.78749
0.726002
1.06822
0.987357
0.632205
0.702914
1.19156
1.0072
1.00879
0.982113
0.485276
0.423706
0.850673
1.03485
0.568428
0.667756
0.732804
0.94855
0.676407
1.18844
0.471774
0.699769
0.90044
0.645394
0.814178
0.442037
0.555319
1.00984
0.530523
0.396605
0.819521
0.881197
0.935939
0.257791
0.544447
0.458761
0.726707
0.520318
1.02891
0.999323
0.445216
0.519639
1.02948
0.380576
0.532814
0.606539
1.19148
0.474125
0.726298
0.686104
0.382741
0.519586
0.363048
1.07452
0.442636
0.778653
0.285193
0.619176
0.660626
0.623432
0.351791
1.15468
0.76608
0.761928
0.833924
0.846712
0.545974
0.431536
0.535862
0.405793
0.620264
1.15989
0.630617
0.471388
0.560654
0.491454
0.999452
0.610217
0.4303
0.970195
0.633997
1.64247
0.937112
0.269436
0.559302
0.305772
0.605741
0.626725
1.11915
1.13983
1.1379
0.739582
0.619138
0.50065
0.33504
0.619871
0.356144
0.439107
0.848895
0.603265
0.62618
0.516236
0.495157
0.565643
0.802329
0.5801
0.640606
0.569777
0.479782
0.802717
0.897894
0.493245
0.638602
0.547932
1.3666
0.453943
0.391014
0.954877
0.962743
0.375909
1.37462
0.463223
0.418815
0.804872
0.283793
0.688758
1.07145
0.64117
0.895584
0.2192
0.717007
0.71233
0.635485
1.44338
0.691776
1.01799
0.956623
1.00726
0.508178
0.679124
0.910151
1.57303
0.673749
0.847104
0.781531
0.401533
0.522173
0.725212
0.537462
0.945158
0.619494
0.5262
0.662413
0.518094
0.591729
1.07954
0.394121
0.363173
0.99732
1.18031
0.383831
0.766781
0.429014
0.813421
0.822737
1.28588
0.528457
0.521258
0.673032
0.580666
0.52809
0.89853
0.501955
1.21896
0.664261
1.21274
0.694486
0.862594
0.520484
0.830752
0.827252
0.499408
0.950335
0.977229
0.537069
0.426819
0.676182
0.617198
0.890406
0.811
0.557096
0.386045
0.868111
1.30575
0.441871
0.883152
0.581355
0.355552
0.588961
1.01829
0.736782
0.657504
0.380626
0.432178
0.651935
0.540668
0.807967
0.41134
0.835207
0.582776
1.13206
0.554433
0.672925
0.429496
0.819403
0.596503
0.781527
0.732737
0.892666
0.673328
0.168575
0.389239
0.930538
0.44391
0.561212
0.682325
0.781513
0.606216
0.597485
0.418693
0.556736
0.819405
0.823155
0.316802
0.983862
0.669982
0.492284
0.688191
0.756453
0.962482
0.425497
0.764638
0.666404
0.890009
1.00759
0.687871
0.773172
0.607948
0.761338
0.976175
0.645118
0.711706
0.668068
0.833598
0.375348
1.48484
0.43423
0.525774
1.05364
0.675842
0.788725
0.550914
0.953796
0.383065
0.379861
0.145961
1.55589
0.962814
0.507584
0.858224
0.988948
0.648725
0.674969
0.714885
0.856398
1.56624
0.253411
1.04635
0.624966
0.48371
0.733131
1.3928
0.631891
0.519759
0.631838
1.30268
0.760733
0.320027
1.41574
1.15826
0.946564
0.427546
0.716565
0.751831
0.568249
0.781503
1.07471
1.00327
0.705179
0.621202
0.697633
0.38743
1.13538
0.597627
0.528751
0.96716
0.794746
0.607139
0.882041
0.425636
0.22679
0.79684
0.513693
0.821463
0.52163
0.410408
0.542053
0.891682
0.820726
0.532439
0.513881
0.628635
0.543167
1.49776
1.39555
0.35578
0.576993
0.822808
0.332037
0.467803
0.700291
0.535583
0.257169
0.64709
0.900484
0.40689
0.733533
0.818518
0.544671
0.448483
0.827787
0.469919
0.424721
0.543035
0.782969
0.505356
0.787517
0.673255
0.211678
0.581727
0.544843
0.574908
0.852744
0.462529
0.399065
0.783825
0.0529337
0.400092
0.561549
0.703371
0.445386
0.689641
1.31279
0.891145
0.911498
0.334866
0.885262
0.486702
0.246442
0.366168
0.341857
0.766002
0.72176
0.723961
0.3563
0.625422
0.709169
0.816958
0.568865
0.315214
0.348587
0.30572
0.827773
0.426105
0.743738
0.289451
1.63014
0.544025
0.724671
0.633649
0.657542
1.27889
0.468312
0.585774
0.27452
0.593903
0.76009
0.59516
0.743792
0.798246
0.656506
0.620344
0.693747
0.782189
0.662408
0.534093
0.33886
0.809558
0.106336
0.504949
0.630267
1.01519
1.62181
0.969641
0.742511
0.967505
0.517776
0.570493
1.32624
0.937844
0.499654
0.472619
0.529368
0.49011
0.387178
0.559837
0.838455
0.641778
0.439109
0.604259
0.797394
0.915726
0.795923
1.25161
0.95364
0.563707
0.332982
0.878412
0.786871
0.520307
0.752258
0.873321
0.277033
0.561174
0.823505
0.75947
0.852985
0.841961
0.674101
0.381121
0.407452
0.767034
0.518747
0.588629
0.612561
0.69361
0.869551
0.542561
0.218627
0.75085
0.330277
1.20093
0.648999
0.623069
0.938347
0.823661
0.596188
0.87597
0.943238
0.877954
0.670858
0.563188
0.572911
0.301678
0.261326
0.796548
0.937685
0.714029
0.443247
0.449224
0.778358
0.361608
0.331529
0.916578
1.04783
0.720004
0.974345
0.278284
0.761317
1.28208
0.573228
1.52332
0.682696
0.73874
0.37015
0.584016
0.999123
0.420279
0.583619
0.369137
0.362091
0.404581
1.00484
0.506952
1.0501
0.672144
0.567418
0.659003
0.500321
0.361767
0.508925
0.999618
0.505226
0.593298
0.798584
1.21297
0.741641
0.701219
0.359128
0.476948
0.5202
0.537109
0.638574
0.417246
0.310786
0.676282
0.952957
0.706441
0.910874
0.322101
0.667672
0.737632
0.514298
0.662396
0.607083
0.457108
0.744909
0.306053
0.341426
0.894946
0.304434
0.532633
0.898333
0.586157
0.536748
0.982916
1.05251
0.714595
1.08541
0.192962
0.635447
0.399164
0.910166
0.629296
0.840878
0.262317
0.747906
0.30355
0.782566
0.387477
0.959091
0.459242
0.921323
0.641103
0.679794
0.7116
0.632563
1.04913
0.548244
0.84265
0.707762
0.622969
0.341746
0.671058
0.687073
0.60017
1.17897
0.668403
0.775192
0.561089
0.648476
0.591207
0.643051
0.134371
0.47254
0.628775
0.357908
0.457864
0.602222
0.618816
1.89098
0.680484
0.364693
0.979977
0.532602
0.514842
0.466405
0.622085
0.949061
1.22354
1.17233
0.805539
0.608794
0.59615
0.521154
0.510048
0.669037
1.1079
0.564753
0.8214
1.0495
0.388891
0.888631
0.632908
0.754501
0.409987
1.37412
0.398858
0.385184
0.413979
1.18799
0.645794
0.738382
0.663243
0.302965
1.57648
0.715718
0.788708
0.5799
0.560072
0.720415
0.733417
0.21895
0.609449
0.990844
0.48733
0.663784
0.681875
0.896536
0.682525
0.365236
0.572666
0.88056
0.27533
1.2925
0.492137
1.09743
0.122928
0.551341
0.443474
0.779387
0.309743
0.532274
0.729477
0.67012
1.00627
0.568257
0.678234
0.93839
0.456546
0.383828
0.0337533
0.794125
0.524171
0.884635
0.342564
0.929951
0.923647
0.885917
0.47484
0.464326
0.419242
0.563989
0.571451
0.515082
0.994906
0.368762
0.240554
0.574856
0.863885
0.516208
0.538315
0.654143
0.796042
0.728279
0.79303
0.750405
1.02701
0.873619
0.909673
0.633055
0.790107
0.49192
0.50756
0.930011
0.629538
0.528156
0.851222
1.06748
1.14805
0.600184
0.849725
0.660036
0.763286
1.02984
0.715716
0.773896
0.69293
0.528622
0.38138
0.42986
0.915512
0.714357
0.487196
0.466012
0.569156
0.55074
0.482956
0.685766
0.637129
0.839235
0.656386
0.617038
0.526384
0.483521
0.579549
0.693811
0.615616
0.619514
0.761955
0.46412
0.801291
0.359834
0.318202
0.385907
0.534621
0.891422
0.787664
0.814207
0.750728
0.86326
0.365254
0.97415
1.17102
0.685534
0.223768
0.833312
0.409121
0.80511
0.949419
0.55204
0.819556
0.458932
0.529128
0.457088
0.534993
0.304433
0.580698
0.398589
0.817194
0.908012
0.881957
0.458422
0.522717
0.448094
0.687823
0.610868
1.21536
0.618828
0.721868
0.585257
0.842455
0.31776
1.37564
1.00582
0.445539
0.781709
0.337829
0.82363
1.11573
0.503089
0.653296
1.06266
0.609522
0.914215
0.669291
0.34124
0.589931
0.15642
1.27451
0.470692
0.391662
0.698325
0.724347
0.751748
0.698778
0.551196
0.485489
0.853797
0.878338
0.410958
0.408864
0.371928
0.831653
0.979908
0.257603
0.43659
0.802385
0.605988
0.810518
0.759265
0.516126
0.779306
0.391384
0.313005
0.345989
0.968566
0.190932
0.547758
1.05347
0.795198
0.914495
0.357033
0.269174
0.604529
0.913953
0.694654
0.748366
0.583303
0.848746
0.489498
0.246268
0.496473
0.698581
0.289497
0.648105
0.251818
0.654358
0.27162
0.714585
0.83594
0.58177
0.37315
1.21365
0.579397
0.605755
1.30613
0.521284
0.331054
0.257935
0.328829
0.770089
0.596824
0.716739
0.502151
0.333723
0.673223
0.751959
0.401003
0.569454
0.660578
0.554665
0.856967
0.230873
0.596602
0.891116
0.305657
0.573108
0.623614
0.71268
0.557414
0.336425
0.303053
0.501724
0.453402
0.514355
0.307511
0.478669
0.216555
0.500602
0.280142
0.453032
0.451499
1.08212
0.682153
0.746783
0.92249
0.665209
0.729364
0.698275
0.434631
0.358116
0.604006
0.562835
0.428186
0.800049
0.680526
0.589987
1.09808
0.395483
0.477466
0.779657
0.718721
0.609716
0.374655
0.389127
0.982191
0.506482
0.495931
0.70932
0.545085
0.887704
0.773126
0.643044
0.78358
0.685792
0.71507
0.686811
0.617795
0.217399
0.597564
0.273615
0.761583
0.490435
0.479086
0.405994
0.432333
0.775942
0.502679
0.165902
0.36117
0.452208
0.747566
0.417426
0.733628
0.687638
0.238234
0.468202
1.20705
0.458071
0.601649
0.84069
0.406182
0.775043
0.449342
0.850874
0.676024
0.481872
0.5621
0.909445
1.00308
0.743309
0.285597
0.748112
1.00538
0.739227
0.363723
0.906256
0.496963
0.572247
0.567565
0.30612
0.801633
0.439188
0.857871
0.326972
0.82022
0.637289
0.475028
0.923721
0.276514
0.500367
0.798685
0.887112
0.646912
0.621469
0.604859
0.635754
0.572612
0.503477
0.912898
0.825544
0.206206
0.659832
0.315486
0.525042
0.683368
0.653072
0.523002
0.447625
0.816391
0.519849
0.607785
0.832606
0.813059
0.52162
1.03061
0.925852
0.805774
0.370005
0.515929
0.845196
0.272068
0.0737307
0.563963
0.341189
0.818524
0.56328
0.551341
0.386636
0.631273
0.737013
0.432781
0.177433
0.562781
0.429333
0.627438
0.244947
0.651366
0.845072
0.595284
0.305134
0.565797
0.880965
0.794281
0.653795
0.678871
0.591147
0.449745
0.731001
0.609522
0.438511
1.15515
1.32881
0.432054
0.769498
0.647437
0.435821
0.586922
0.29799
1.13826
0.431815
0.482051
0.641462
1.00519
0.615739
0.832849
0.803492
0.557948
0.323108
0.588234
0.279348
0.524112
0.686015
0.803579
0.483278
0.353106
0.79833
0.116041
0.356365
0.602861
0.615618
0.654732
0.495771
0.636937
0.468001
1.21032
0.817585
0.614737
0.966258
0.0248977
0.734006
0.457651
0.753541
0.327684
0.665947
0.433935
0.666099
0.291215
0.89085
0.877204
0.584653
1.03127
0.243724
0.315535
0.533858
0.89714
0.488879
0.208679
0.561302
1.12427
0.609429
0.454105
1.22458
0.597405
0.600913
0.644444
1.00378
0.768458
0.803578
0.480697
0.616122
0.758948
0.642201
0.402258
0.648169
0.243233
0.334808
0.587644
0.273736
0.819306
0.557446
0.272969
0.315079
0.420295
0.47219
0.831121
0.416182
0.641382
0.564472
0.937697
0.926626
0.58007
0.767683
0.684345
1.01125
0.533589
0.59501
0.794649
0.933822
0.481119
0.512207
0.901862
0.426081
0.379281
0.444707
0.367543
0.76693
0.10022
0.526592
1.0563
0.616031
0.222774
0.837466
0.719279
0.656054
0.268641
0.61178
0.487338
0.266391
0.656066
0.879481
1.2258
0.614022
0.579143
0.136827
0.517318
0.707572
0.463604
0.304313
0.826317
0.122826
1.37001
0.74182
0.58865
0.39403
0.357313
0.193124
0.593944
0.71696
0.979811
0.561078
0.464824
0.807542
0.89385
0.594692
0.989626
0.526776
0.30569
0.307128
0.755282
0.866484
0.412211
0.32969
0.573397
0.569613
0.572896
0.707906
0.684959
0.609447
0.655399
0.31682
1.17589
1.28127
0.473092
0.557424
0.361658
0.366563
0.700287
0.630707
0.731634
0.650437
0.943672
0.547601
0.392266
0.312176
0.610954
1.31364
1.21417
0.899176
0.730202
0.474593
0.658223
0.661738
0.647709
0.771893
0.486088
0.587594
0.679556
0.357127
0.668491
1.04187
0.533602
1.00486
0.845891
1.19298
0.534925
0.359492
0.271138
0.76354
0.483432
0.363649
0.418968
0.604293
0.213319
0.322451
0.815616
0.431315
0.328353
0.643841
0.876559
0.76417
0.905632
0.447277
0.334715
1.23935
1.03659
0.473286
1.01985
0.114246
0.43629
0.885986
0.293649
0.65686
0.180866
0.644157
0.603951
0.886992
0.59415
0.613649
0.453479
0.429579
0.649484
0.435126
0.54442
0.349562
0.939794
0.738351
0.350921
0.547938
0.580347
0.811779
0.864838
0.651079
0.451163
0.757762
0.84585
0.629865
0.370723
0.610178
0.247312
0.270404
0.321213
0.556164
0.617484
0.590878
0.602527
0.640001
0.602836
0.300905
0.751973
0.851839
0.841334
0.412406
0.470092
1.15177
0.585392
0.441688
0.221197
0.609486
0.559003
0.545447
0.472752
0.531626
0.634339
1.02092
0.334924
0.506346
0.591125
0.771185
0.611954
0.679736
0.655895
0.118192
0.46655
0.676117
0.896047
0.562754
0.250323
0.267054
1.00891
0.313321
0.456416
0.437362
0.740577
0.0682491
0.520869
0.0637633
0.784123
0.533022
0.526679
0.672541
0.393372
0.582062
0.591273
0.283123
0.471266
0.7376
0.215867
0.480295
1.06506
0.131334
0.699379
0.692335
0.457519
0.640558
0.479199
0.476922
0.528368
0.594459
1.09869
0.471729
0.568071
0.558411
0.892556
0.353692
0.728747
0.47789
0.50222
0.386252
0.304748
0.637223
0.372298
0.412979
0.72886
1.69958
0.953247
0.831259
0.532225
0.540398
0.510537
0.311625
0.31916
0.425426
0.437772
1.04596
0.477266
0.288999
0.332354
0.556899
0.647292
0.640272
0.766386
0.721042
0.418516
0.353973
0.486977
0.680748
0.494593
0.30607
0.392979
0.778113
0.815126
0.810115
0.665698
0.532326
0.503332
0.284954
0.799869
0.450772
0.511584
0.491811
0.563381
0.465784
0.379673
0.380127
1.00118
0.499978
0.471918
1.03906
0.600991
0.525432
0.579938
0.517825
0.533999
0.658872
0.7388
0.516663
0.834111
1.09866
0.835266
0.368601
0.161318
0.342595
0.628469
0.40863
0.490907
0.920967
0.880701
0.367569
0.852439
0.628334
0.444591
0.434326
0.426998
0.544858
0.766569
0.707848
0.518515
0.882179
0.539036
0.413937
0.418443
0.606791
0.688663
0.769416
0.513511
0.378011
0.366968
0.350035
0.880829
0.761312
0.392664
0.470485
0.490421
1.21083
0.413154
0.629426
0.533636
0.257598
0.701527
0.985414
0.493983
0.24238
0.436976
0.505837
0.273057
0.619121
0.648051
1.00636
0.779845
0.697729
0.411805
0.50081
0.357915
0.481774
0.650308
0.397536
0.458209
0.444288
0.0525452
1.1323
0.565531
0.53133
0.428311
0.201652
0.384872
0.530336
0.726017
1.1385
0.557231
0.453481
0.0469504
0.357138
0.497419
0.623298
0.470366
0.59419
0.536038
0.466985
0.472155
0.421323
0.553913
0.129885
0.738276
0.765552
0.551517
0.778439
0.505803
0.299204
0.669383
0.839797
0.404785
0.361552
0.344502
0.377769
0.399272
0.343817
0.347289
0.371279
0.640872
0.662587
0.554375
0.329687
0.183861
0.463732
0.700948
0.428084
0.706277
0.76236
0.630566
0.525942
0.808809
0.569076
0.513019
0.258919
0.728758
0.652396
0.532683
1.10373
0.704439
0.433156
0.531794
1.32356
0.492412
0.510613
0.753795
0.566764
0.682385
0.512135
0.415712
0.6238
0.934829
0.241915
0.747006
0.176017
0.553645
0.171563
0.607504
0.763055
0.310164
0.528323
0.473197
0.493706
0.882885
0.816041
0.445182
0.336898
0.274416
0.556706
0.272593
0.308978
0.696675
0.608041
0.481313
0.23217
1.0416
0.947235
0.479373
0.455694
0.35357
0.64398
0.622749
0.519463
0.505691
0.362222
0.626362
0.486688
1.13799
0.748927
0.419707
0.480938
0.821413
0.635435
0.541724
0.634754
0.557932
0.291566
0.33879
0.465122
0.795912
0.277824
0.322951
0.504154
0.625533
0.341138
0.669059
0.718564
0.424025
0.279328
0.488838
0.311243
0.314276
0.384927
0.268069
0.747127
0.405048
0.26713
0.693909
0.481848
0.64206
0.253173
0.286317
0.694841
0.21423
0.624107
0.935558
1.13321
0.306766
0.224182
0.738921
0.384821
0.251814
0.357379
0.256906
0.558661
0.694116
0.298958
0.230775
0.406944
0.455578
1.31755
0.586722
0.315307
0.573419
0.350792
0.325773
0.572808
0.489668
0.576146
0.335827
0.160105
0.361773
0.306303
0.314216
0.704011
0.633731
0.566895
0.687926
0.254349
0.259909
0.369343
0.365059
0.221176
0.311532
0.053148
0.620649
0.776504
0.533791
0.727508
0.306452
0.500599
0.21244
0.707162
0.645151
0.218753
0.435014
0.618006
0.252849
0.977114
0.323978
0.214213
0.425766
0.469321
0.446797
0.316854
0.454852
0.268543
0.176575
0.675997
0.403026
0.478181
0.537093
0.572066
0.312471
0.184125
0.122087
0.552324
0.828481
0.510636
0.324334
0.372023
0.170548
0.44902
0.449971
0.544238
0.464051
0.267286
0.391669
0.747623
0.725135
0.40043
0.30325
0.391325
0.356393
0.677096
0.393481
0.266234
0.354114
0.719624
0.764396
0.68437
0.12564
0.486848
0.471614
0.591854
0.389632
0.342085
0.265015
0.333589
0.508919
0.489955
0.656583
0.451038
0.302773
0.661513
0.155378
0.343565
0.622161
0.504638
0.606077
0.633233
0.318527
0.683916
0.580809
0.262443
0.679473
0.360645
0.451379
0.53489
0.639641
0.385101
0.559178
0.606808
0.294711
0.741619
0.295634
0.441823
0.441584
0.420125
0.676277
0.589538
0.565211
0.476399
0.236521
0.457588
0.40055
0.540346
0.467866
0.948493
0.751774
0.551926
0.56651
0.303568
0.26767
0.594407
0.465978
0.263234
0.182299
0.595433
0.46284
0.397756
1.23712
0.301631
0.424873
0.338358
1.12837
0.351197
0.429841
0.808186
0.226175
0.400646
0.692321
0.65663
0.665308
0.324482
0.598299
0.774071
0.268086
0.669411
0.707417
0.304789
0.3199
0.315803
0.700618
0.688588
0.475789
0.651807
0.379776
0.607997
0.355342
0.402354
0.551391
0.56389
0.884251
0.707125
1.26059
0.0916783
0.464664
0.407266
0.308075
0.480806
0.282318
1.00395
0.860899
0.249638
0.31798
0.823284
0.556373
0.298031
1.00236
0.626433
0.24088
0.593985
0.532088
0.838982
0.88479
0.296814
0.720274
0.51348
0.619007
0.668215
0.621152
0.446455
0.542209
0.0855348
0.800411
0.978524
0.477098
0.437892
0.855559
1.06233
0.298416
0.718836
0.555041
0.48892
0.960878
0.417832
0.842398
0.708364
0.383607
0.372339
0.663319
0.395916
0.548937
0.746571
0.802422
0.370228
0.903157
0.48484
0.591565
0.298147
0.274236
0.396151
0.84852
0.682467
0.442825
0.641563
0.396305
0.562002
0.479579
0.0725358
0.165841
0.578537
0.453458
0.0992787
0.429057
0.764912
0.482792
0.321249
0.34396
0.556255
0.621795
0.378617
0.337539
0.998894
0.883591
0.379149
0.219582
0.337996
0.632183
0.817262
0.640558
0.143149
0.114207
0.0671848
0.490752
0.114093
0.365536
0.622639
0.157887
0.77905
0.605329
0.81985
0.755553
0.781515
0.654604
0.409036
0.231472
0.913122
0.631826
0.178088
0.701218
0.390028
0.736085
0.45939
0.341487
0.252341
0.553851
0.818315
0.835155
0.894973
0.562753
0.179414
0.357938
0.786296
0.422468
0.131215
0.287864
0.347243
0.341947
0.760496
0.623369
0.745589
0.586069
0.88348
0.663257
1.33092
0.468215
0.64502
0.436261
0.304038
0.674885
0.370175
0.388754
0.704204
0.613266
0.433228
0.806171
0.85736
0.370933
0.482026
0.378798
0.377101
0.202278
0.353077
0.584576
0.148793
0.4338
0.585404
0.488722
0.206162
0.152845
0.49695
0.451895
0.102717
0.213232
0.777376
0.637967
1.09238
0.916607
0.41506
0.694328
0.633025
0.349941
0.588917
0.649635
0.415488
0.419111
0.513092
0.613439
0.501314
0.33147
0.106523
0.387893
0.351887
0.711278
0.639187
0.202784
1.46594
0.493679
0.901008
0.724792
0.3117
0.556905
0.599747
0.387379
0.444432
0.126826
0.312825
0.70087
0.273648
0.211148
0.288497
0.709164
0.32975
0.439856
0.383566
0.57366
0.543424
0.353431
0.599537
0.174086
0.581793
0.361888
0.271356
0.355002
0.677845
0.357011
0.736856
0.561453
0.467974
0.452054
0.142403
0.766808
0.178581
0.533209
0.463949
0.469339
0.692173
0.585438
0.448954
0.312461
0.473483
0.284585
0.484429
0.22061
0.314131
0.383703
0.405796
0.109812
0.542404
0.761142
0.636876
0.739533
0.480266
0.459383
0.538067
0.602718
0.72275
0.3666
0.415629
0.900363
0.271779
0.488523
0.812675
0.822666
0.540186
1.23091
0.345571
0.42755
0.368316
0.463809
0.54114
0.635252
0.774307
0.716839
0.50125
0.407057
0.332724
0.640355
0.0401581
0.549818
0.231008
0.628496
0.756143
0.306258
0.383558
0.454794
0.860773
0.20201
0.430267
0.479956
0.330505
0.553397
0.31139
0.390138
0.482616
0.37948
0.517323
0.868402
0.448787
0.485545
0.63419
0.805723
0.37191
0.267339
0.538152
0.492409
0.823815
0.948262
0.273457
0.41994
0.781081
0.393455
0.584686
0.407195
0.233553
0.645689
0.524547
0.31565
0.515556
0.357262
1.19558
0.368807
0.415175
0.461114
0.483204
0.433287
0.453218
0.591927
0.702699
0.837511
0.341323
0.347351
0.413422
0.53225
0.729803
0.404884
0.399405
0.363759
0.286423
0.648358
0.381885
0.706037
0.904288
0.467509
0.703753
0.426106
0.568251
0.442173
0.43322
0.71888
0.490078
0.333779
0.974112
0.247684
0.194232
0.202439
0.304136
0.341544
0.0817517
0.0172676
0.485477
0.680238
0.295994
0.275319
0.760697
0.518642
0.82956
0.406769
0.371794
0.45525
0.464804
0.402462
0.479808
0.0919067
0.62285
0.75917
0.498465
0.536803
0.500012
0.685428
0.373371
0.823028
0.590375
0.478268
0.625728
0.26034
0.464511
0.591206
0.594273
0.488017
0.415623
0.487941
0.604653
0.63887
0.419784
0.889311
0.294005
0.490059
0.473485
0.462935
0.813102
0.353612
0.896438
0.616093
0.467874
0.422276
0.456247
0.800561
0.374
0.794117
0.267162
0.321584
0.263288
0.32806
0.260729
0.312425
0.578213
0.285259
0.435241
0.35612
0.497828
0.0799894
0.690441
0.262717
0.599753
0.613545
0.538929
0.53814
0.768029
0.439427
0.694332
0.324669
0.767824
0.468906
0.725228
0.486676
0.650256
0.461479
0.453069
0.471123
0.459464
0.600165
0.526004
0.739876
0.842852
0.464156
0.159996
0.277626
0.678913
0.28584
0.541588
0.604685
0.748806
0.391899
0.0261657
0.559907
0.495212
1.42179
0.686453
0.785159
0.587705
0.362934
0.517231
0.519608
0.881241
1.23689
0.606432
0.352133
1.01189
0.215931
0.831267
0.514478
0.183524
0.475802
0.21384
0.291884
0.400738
0.813287
0.669105
0.397735
0.399056
0.536558
0.616565
0.181426
0.334083
0.60048
0.325584
0.553383
0.311817
0.429946
0.293241
0.171366
0.575026
0.257315
0.253849
0.394067
0.466062
0.299629
0.36386
0.370349
0.609351
0.0339933
0.348645
0.421405
0.571784
0.359971
0.533748
0.547641
0.350003
0.865019
0.125698
0.331618
0.800847
0.670493
0.530796
0.403892
0.400687
0.276224
0.56631
0.491996
0.370715
0.341428
0.317885
0.103211
0.323869
0.648677
0.959534
0.593343
0.276456
0.0148716
0.498125
0.960788
0.514099
0.0548162
0.21157
0.396814
0.561359
0.405624
0.627614
0.550812
0.381122
0.0723045
0.531774
0.475215
0.673747
0.468047
0.315349
0.564596
0.707908
0.150436
0.714129
0.307382
0.593914
0.169819
0.178017
0.560086
0.647278
0.319037
0.264744
0.348506
0.466854
0.202107
0.51847
0.473869
0.159403
0.869129
0.168353
0.689956
0.299036
0.385375
0.410019
0.34045
0.967607
0.348636
0.833168
0.379975
0.472273
0.922117
0.0686133
0.736283
0.258064
0.404108
0.921606
0.472971
0.685038
0.185202
0.744394
0.619207
0.891984
0.40977
0.570399
0.314697
0.432821
0.635147
0.558476
0.436727
0.452465
0.460763
0.583287
0.314223
0.697108
0.536738
0.728252
0.293921
0.657227
0.939221
0.840021
0.225096
0.802483
0.377749
0.412474
0.314549
0.410549
0.450257
0.450112
0.414344
0.407861
0.279972
0.682585
1.35013
0.566764
0.395822
0.891131
0.539035
0.221161
0.81428
0.268199
0.450897
0.68295
0.466936
0.690068
0.335923
0.843557
0.46352
0.324607
0.216239
0.527342
0.646369
0.659066
0.33986
0.733226
0.726828
0.291839
0.274686
0.382797
0.321948
0.39821
0.105012
0.390422
0.410275
0.689787
0.476743
0.510641
0.435124
0.46147
0.424222
0.287401
0.521054
0.524325
0.343679
0.096056
0.508966
0.574683
0.348792
1.12224
0.42507
0.510411
0.84105
0.363062
0.560409
0.584316
0.680017
0.507621
0.647972
0.257165
0.422029
0.0997053
0.706203
0.383573
0.318577
0.659455
0.440534
0.382233
0.407461
0.225488
0.218685
0.42432
0.273171
0.0721306
0.152178
0.518335
0.461867
0.369617
0.930275
0.859082
0.55936
0.724306
0.26707
0.568549
0.585584
0.56886
0.293679
0.208265
0.773281
0.664144
0.447806
0.491795
0.433559
0.595348
0.286951
0.502159
0.187528
0.529225
0.401414
0.609739
0.383317
0.509493
0.346354
0.229446
0.489742
0.514503
0.324272
0.505769
0.257531
1.01567
0.446833
0.816769
0.471249
0.0377009
0.314676
0.604761
0.627798
0.254522
0.573128
0.802547
0.312544
0.548975
0.294552
0.600262
0.647326
0.639212
1.5945
0.398797
0.31555
0.579791
0.451889
0.683958
0.689207
0.421537
0.436114
0.197078
0.0347385
0.31387
0.173375
0.17093
0.225098
0.46632
0.861378
1.00379
0.0572836
0.723792
0.120748
0.415862
0.302434
0.153288
0.472258
0.443956
0.751021
0.594293
0.407052
0.645173
0.547931
0.403528
0.677024
0.32632
0.837985
0.310261
0.199455
0.183328
0.23543
0.311447
0.520911
0.163484
0.274518
0.782849
0.426934
0.544487
0.226116
0.142354
0.515045
0.360204
0.241389
0.758426
0.524237
0.426362
0.407639
0.60946
0.43882
0.545402
0.69324
0.347064
1.68799
0.45285
0.766537
0.277181
0.17044
0.0920525
0.766755
0.339445
1.32746
0.483115
0.237535
0.4954
0.58095
0.11634
0.494605
0.21771
0.416522
0.40042
0.648587
0.754674
0.411186
0.298877
1.14539
0.342105
0.489603
0.827567
0.551441
0.597587
0.375509
0.0985411
0.221987
0.259254
0.449127
0.64219
0.510232
0.432415
0.651434
0.221373
0.350565
0.329992
0.785078
0.359035
0.319962
0.331624
0.305534
0.469456
0.323396
0.56704
0.482842
1.12454
0.775817
0.47969
0.2627
0.31957
0.250618
0.291454
0.560516
0.404674
0.338531
0.286553
0.227553
0.200954
0.18554
0.301039
0.18786
0.318953
0.637602
0.904019
0.462219
0.399454
1.04412
0.778135
0.512969
1.25495
0.339536
0.326618
0.682173
0.545249
0.314695
0.308291
0.497706
0.467291
0.239707
0.133002
0.179637
0.430409
0.339769
0.402397
0.661844
0.86652
0.499051
0.58208
0.529726
0.570971
0.464931
0.54926
0.208342
0.489276
0.866361
0.682535
0.744323
0.751496
0.525907
0.26825
0.643372
0.112796
0.76988
0.334405
0.577124
0.790269
0.493106
0.301833
0.687104
0.279882
0.384254
0.713281
0.424878
0.588153
0.511756
0.297207
0.53401
0.43471
0.758722
0.574055
0.205659
0.50119
0.26157
0.673041
0.443085
0.132626
0.335684
0.494937
0.304693
0.947612
0.765476
0.409379
0.234164
0.667518
0.445894
0.029782
0.400454
0.510375
0.725493
0.916609
0.909574
0.264003
1.22657
0.195874
0.581803
0.608252
0.367774
0.691188
0.178738
0.352869
0.548036
0.500219
0.267506
0.363567
0.478633
0.324008
0.471202
0.792425
1.04129
0.810979
0.316967
0.779301
0.806215
0.57442
0.411139
0.789572
0.350055
0.427847
0.423809
0.523349
0.444717
0.466856
0.813946
0.800435
0.299351
0.190778
0.424711
0.506374
0.301496
0.300341
0.426661
0.58543
0.236902
0.7816
0.39228
0.599395
0.378627
0.254884
0.585125
0.243104
0.355156
0.66935
0.0552652
0.65772
0.51797
0.277218
0.753589
0.521102
0.269037
0.367212
0.859644
0.340651
0.409049
0.259414
0.481326
0.252936
0.734832
0.34531
0.340467
0.142532
0.353709
0.759186
0.342007
0.375751
0.192066
0.764931
0.23715
0.221903
0.820134
0.293214
0.272642
0.476781
0.578
0.470798
0.258977
0.247232
0.207759
0.792687
0.333845
0.140091
0.364721
0.331194
0.420451
0.457742
0.540717
0.523643
0.476976
0.597899
0.816458
0.516135
0.572454
0.272746
0.280117
0.48542
0.282925
0.452711
0.999491
0.196027
0.527867
0.404144
0.525965
0.631392
0.572802
0.291184
0.46671
0.176374
0.283736
0.512246
0.367792
0.476431
0.581903
0.182165
0.490034
0.0936954
0.717723
0.325062
0.674152
0.531212
0.354278
0.619462
0.471061
0.721679
0.449828
0.100499
0.47473
0.436916
0.557064
0.515217
0.146185
0.123327
0.631271
1.09191
0.470403
0.295522
0.336081
0.375412
0.390653
0.504832
0.342964
0.334972
0.40985
0.782565
0.330953
0.549855
0.76177
0.732836
0.378415
0.573993
0.146599
0.75853
0.12109
0.903159
0.41672
0.551244
0.393187
0.415355
0.423625
0.446329
0.559231
0.401623
0.458471
0.597718
0.805205
0.486617
0.192403
0.406418
0.69748
0.256657
0.503152
0.666914
0.658194
0.250795
0.641162
0.489726
0.251397
0.306265
0.558587
0.560888
0.658181
0.63913
0.580194
0.542861
0.490841
0.670834
0.336542
0.285898
0.422005
0.378749
0.516107
0.600492
0.665121
0.895858
0.502475
0.388208
0.167691
0.05559
0.0511346
0.265553
0.656379
0.45867
0.663667
0.494669
0.728631
0.328701
0.503675
0.498427
0.29906
0.589251
1.4575
0.314071
0.44404
0.161796
0.653297
0.30069
0.368984
0.799425
0.326026
0.1788
0.508586
0.319296
0.718257
0.529424
0.179595
0.597158
0.204448
0.542574
0.431106
0.786513
0.401582
0.560092
0.567828
0.674109
0.433185
0.805773
0.36129
0.55785
0.327713
0.5425
0.614889
0.483933
0.53698
0.499729
0.773688
0.218515
0.337133
0.365259
0.353222
0.214322
0.401144
0.477205
0.229833
0.204844
0.34633
0.474963
0.391637
0.132329
0.242525
0.457353
0.11951
0.571691
0.347989
0.416935
0.559291
0.65311
0.521917
0.464541
0.391944
0.450375
1.71611
0.445916
0.429533
0.825257
0.171724
1.00581
0.462073
0.392572
0.698526
0.657409
0.377332
0.490387
0.308374
0.344651
0.368333
0.246172
0.973876
0.180985
0.348501
0.593316
0.927985
0.526074
0.33882
0.640852
0.14484
0.8195
0.754251
0.839458
0.130016
0.285037
0.189449
0.156687
0.368757
0.548225
0.581825
0.418318
0.693286
0.27371
0.0720942
0.591625
0.0931711
0.456739
0.46333
0.569305
0.546072
0.681964
0.402776
0.281486
0.829899
0.334784
0.262248
0.103393
0.430119
0.260939
0.321638
0.546762
0.336503
0.215129
0.45198
1.61923
0.524451
0.522257
0.601628
0.478969
0.283877
0.474649
0.409226
0.406929
0.162255
0.326949
0.336038
0.294856
0.31418
0.241216
0.339339
0.129481
0.125779
0.656443
0.51125
0.624867
0.449708
0.365859
0.102529
0.173796
0.0786668
0.482139
0.622239
0.386687
0.138101
0.285635
0.340335
0.356464
0.274322
0.563212
0.422553
0.758685
0.360452
0.451349
0.502159
0.149364
0.479837
0.864477
0.858362
0.499555
0.232318
0.330926
0.951928
0.594757
0.26521
0.234238
0.69965
0.393128
0.346601
0.29623
0.248931
0.490215
0.0882323
0.539346
0.320395
0.468559
0.373977
0.451115
0.362409
0.505448
0.66278
0.385426
0.671286
0.114732
0.373687
0.511941
0.332469
0.352241
0.407082
0.688685
0.45859
0.470726
0.273225
0.304946
0.84712
0.699947
0.471795
0.423077
0.137391
0.092668
0.27727
0.414813
0.448557
0.412921
0.285576
0.492213
0.314061
0.143229
0.591347
0.395248
0.0737825
0.255636
0.129981
0.625992
0.31012
0.657344
0.460357
0.355233
0.509308
0.341496
0.334137
1.32843
0.264082
0.262118
0.500457
0.504035
0.506276
0.575632
0.707012
0.395109
0.353681
0.326794
0.422339
0.407044
0.36974
0.649953
0.671062
0.161698
0.430502
0.549956
0.703826
0.330122
0.748157
0.236593
0.215808
0.354734
0.131749
0.540731
0.333244
0.344076
0.554699
0.336159
0.714157
0.250033
0.41363
0.431429
0.644224
0.453013
0.322702
0.430403
0.431578
0.263705
0.361055
0.137321
0.395703
0.325899
0.222601
0.373901
0.297768
0.346348
0.589745
0.341405
0.641174
0.456268
0.272425
0.345088
0.431405
0.491598
0.392525
0.436594
0.534041
0.0486107
0.513712
0.396418
0.644766
0.368043
0.626928
0.79059
0.420402
0.503701
0.471608
0.827443
0.804534
0.290057
0.56322
0.365239
0.142372
0.319995
0.310877
0.399493
0.453511
0.580938
0.571965
0.703099
0.455596
0.304959
0.294681
0.184827
0.374733
0.236779
0.526996
0.414787
0.328436
0.664548
0.342941
0.515806
0.484718
0.385784
0.493177
0.461125
1.65252
0.289043
0.562854
0.222749
0.35358
0.662716
0.603883
0.321594
0.217407
0.437056
0.694663
0.595957
0.334085
0.142159
0.576413
0.491882
0.693704
0.457725
0.669335
0.337337
0.930606
0.550066
0.823334
0.623915
0.385741
0.32327
0.696925
0.22762
0.838228
0.093781
0.0931492
0.416254
0.367251
0.612471
0.513463
0.518048
0.668055
0.796492
0.238294
0.859772
0.328719
0.288753
0.409043
0.351416
0.348221
0.544411
0.361853
0.323402
0.68231
0.507892
0.524698
1.0801
0.510868
0.499279
1.01109
0.560757
0.490627
0.382902
0.339431
0.492882
0.288939
0.612902
0.65291
0.296124
0.865445
0.374453
0.512658
0.49412
0.291677
0.471841
0.655348
0.0455957
0.242702
0.589763
0.32199
0.333802
0.374326
0.272574
0.396129
0.561223
0.301494
0.444791
0.484338
0.202368
0.618662
0.549682
0.667673
0.2086
0.523351
0.411819
0.746577
0.244005
0.446142
0.332597
0.0916025
0.233531
0.244213
0.178211
0.544075
0.579744
0.581875
0.299879
0.311142
0.115416
0.528848
0.0604139
0.872518
0.512878
0.219918
0.241893
0.305867
0.288625
0.795743
0.701602
0.0904711
0.565234
0.545424
0.311752
0.535044
0.651213
0.188839
0.495849
0.955598
0.865014
1.02249
0.635686
0.215114
0.26747
0.218378
0.148404
0.172576
0.535245
0.533172
0.48791
0.356555
0.260821
0.330074
0.456441
0.406003
0.463327
0.407986
0.591495
0.342016
0.674303
0.118353
0.467435
0.632447
0.359638
0.400352
0.489342
0.330434
0.269558
0.616037
0.222278
0.186821
0.248786
0.265892
0.239346
0.305629
0.563533
0.533093
0.673419
0.391142
0.403243
0.383854
0.388869
0.337934
0.998766
0.909815
0.539752
0.0939954
0.665052
0.741865
0.506306
0.634068
0.190528
0.788631
0.647005
0.659139
0.310578
0.563295
0.215266
0.427667
0.460392
0.925527
0.0950535
0.426434
0.339852
0.449547
0.319622
0.0995845
0.448232
0.545399
0.32063
0.260091
0.809127
0.313048
0.301918
0.271904
0.210672
0.192933
0.493312
0.520016
0.833565
1.48188
0.530603
0.327504
0.333044
0.176689
0.346284
0.73316
0.207691
0.598344
0.0119219
0.331795
0.203368
0.438771
0.587809
0.596348
0.582039
0.267107
0.413394
0.464776
0.375501
0.396639
0.594975
0.308594
0.229059
0.276583
0.179165
0.630231
0.655939
0.688035
0.632926
0.622817
0.911402
0.393983
0.618592
0.423633
0.263793
0.498934
0.38451
0.826429
0.248088
0.322614
0.53806
0.428798
1.18935
0.355017
0.54472
0.408366
0.210113
0.397398
0.0654669
0.323464
0.395262
0.0744435
0.508392
0.768852
0.266468
0.461749
0.343953
0.420415
0.695988
0.564481
0.518325
0.512079
0.485305
0.444471
0.918558
0.435277
0.259728
0.451827
0.422364
0.608719
0.670894
0.807955
0.157617
0.405551
0.553364
0.319481
0.52125
0.521069
0.555315
0.147457
0.552226
0.450727
0.328858
0.279286
0.568643
0.452297
0.389241
0.660848
0.729435
0.133997
0.337513
0.259133
0.279748
0.59177
0.52607
0.833847
0.431416
0.664388
0.237801
0.543542
0.520056
0.179177
0.182023
0.300693
0.617346
0.594658
0.284047
0.209551
0.070972
0.394166
0.446266
1.00524
0.353411
0.319404
0.275899
1.2707
0.112729
0.183973
0.57592
0.4091
0.450812
0.730832
0.606798
0.629077
0.443933
0.439349
0.665871
0.384251
0.623473
0.242774
0.4647
0.72625
0.290134
0.473514
0.432952
0.191579
0.694038
0.579743
0.519915
0.658753
0.659194
0.293113
0.455415
0.594881
0.31724
0.256564
0.357748
0.182637
0.601426
0.451443
0.536018
0.766527
0.438823
0.446721
0.199248
0.10835
0.281769
0.158279
0.729797
0.405104
0.656609
0.437623
0.318688
0.568178
0.239138
0.5093
0.315755
0.594755
0.355162
0.848825
0.685411
0.638714
0.223806
0.58401
0.753236
0.327723
0.363523
0.512123
0.401058
0.363875
0.785788
0.575706
0.299402
0.349409
0.442734
0.4735
0.381083
0.453881
0.528475
0.607684
0.462034
0.235507
0.872326
0.496732
0.501105
0.477332
0.492773
0.415465
0.450664
0.727483
0.527525
0.700622
0.753559
0.432197
0.271656
0.199601
0.386169
0.467418
0.752491
0.412356
0.332655
0.793312
0.350356
0.209481
0.770743
0.310642
0.354346
0.320865
0.685925
0.505405
0.143552
0.796053
0.613065
0.937422
0.264338
0.539891
0.689961
0.459949
0.138365
0.554087
0.366536
0.463585
0.402616
0.194384
0.279935
0.693443
0.339665
0.694974
0.619824
0.429117
0.841101
0.862168
0.47506
0.293122
0.936992
0.392135
0.604259
0.261878
0.211327
0.362911
0.425189
0.386786
0.283016
0.437903
0.502059
1.00275
0.57883
0.549684
0.570937
0.35769
0.453187
0.406373
0.447753
1.29159
0.391943
0.310939
0.385911
0.287354
0.811825
0.603307
0.467294
0.250229
0.206624
0.303348
0.164871
0.544807
0.511989
0.520116
0.581944
0.739379
0.696105
0.593362
0.605978
0.414773
0.317136
0.130416
0.513137
0.7011
0.729457
0.377419
0.113671
0.977766
0.153332
0.702212
0.513688
0.466971
0.311543
0.331201
0.118916
0.399786
0.420984
0.637102
0.304512
0.42154
0.42018
0.253768
0.412652
0.35622
0.696739
0.135387
0.385815
0.646593
0.337493
0.648422
0.279475
0.39536
0.281534
0.199849
0.52265
0.591969
0.473789
0.218775
0.278319
0.601224
0.558575
0.262069
0.624752
0.347607
0.613948
0.747548
0.146551
0.464143
0.229737
0.331932
0.469415
0.557382
0.344413
0.458634
0.510888
0.598462
0.477834
0.560344
0.510996
0.364826
0.105744
0.355283
0.688391
0.430701
0.411041
0.923437
0.344566
0.348593
0.677431
0.375452
0.325572
0.625285
0.274968
0.833475
0.317593
0.533776
0.557949
0.88544
0.614095
0.508674
0.429728
0.33255
0.285856
0.471177
0.387835
0.346934
0.507495
0.851551
0.663681
0.363919
0.303197
0.582829
0.394471
0.305789
0.198296
0.813064
0.24207
0.644731
0.772934
0.59007
0.404213
0.351079
0.399088
0.537958
0.56705
0.46278
0.305949
0.670346
0.696217
0.187159
0.421156
0.35953
0.491915
0.445969
0.277958
0.304728
0.540369
0.360223
0.352947
0.371432
0.146643
0.300107
0.641684
0.200278
0.547238
1.35296
0.458622
0.300832
0.556845
0.493132
0.640598
0.423561
0.478849
0.201016
0.228547
0.236606
0.245271
0.378124
0.550883
0.461422
0.429748
0.44494
0.092133
0.33064
0.0888513
0.344246
0.718191
0.444732
0.30103
0.624505
0.577147
0.0656386
0.573789
0.403472
1.46621
0.344269
0.43052
0.551509
0.263795
0.35621
0.528416
0.60547
0.722297
0.267274
0.550564
0.619976
0.366356
0.405724
0.201544
0.333234
0.406831
0.408618
0.101561
0.384098
0.474848
0.414361
0.370887
0.358815
0.345877
0.544461
0.522328
0.291444
0.44649
0.316638
0.440262
0.552526
0.578703
0.452992
0.657084
0.437153
0.525684
0.457674
0.420689
0.357263
0.119196
0.409206
0.360977
0.536307
0.607919
0.255538
0.709137
0.618645
0.695251
0.550364
0.638293
0.764373
1.33012
0.38724
0.0429336
0.314009
0.778744
0.36934
0.780088
0.156432
0.205054
0.586062
0.150531
0.746543
0.127294
0.358756
0.299829
0.561406
0.660507
0.597064
0.537916
0.619084
0.258901
0.466655
0.538208
0.125117
0.311891
0.328761
0.404664
0.31236
0.546122
0.333913
0.378605
0.0426609
0.491614
0.427177
0.714631
0.321869
0.39645
0.390534
0.74591
1.16341
0.472891
0.331972
0.154139
0.878456
0.121209
0.194793
0.205036
0.420652
0.851529
1.00625
0.14865
0.200496
0.656851
0.212776
0.245497
0.461931
0.510838
0.479939
0.228228
0.543689
0.104425
0.16042
0.299477
0.282246
0.432489
0.433481
0.359219
0.401499
0.107232
0.212833
0.38893
0.408727
0.221
0.237689
0.346415
0.282614
0.281879
0.516555
0.558174
0.275786
0.443699
0.563594
0.61669
0.364758
0.438714
0.234391
0.114184
0.448319
0.472782
0.482119
0.689109
0.450963
0.516476
0.552085
1.34472
0.446697
0.487748
0.186671
0.21998
0.573699
0.294056
0.336097
0.664076
0.325872
0.520933
0.370416
0.625593
0.179429
0.432193
0.444249
0.502586
0.560264
0.483329
0.384395
0.393686
0.160228
0.736748
0.284965
0.30901
0.63083
0.408714
0.323752
0.495031
0.502313
0.570936
0.758498
0.373133
0.0427183
0.150087
0.367257
0.627508
0.726369
0.673239
0.334214
0.297842
0.634785
0.590358
0.479071
0.65901
0.562953
0.524554
0.0789065
0.434875
0.421597
0.37128
0.26841
0.77525
0.444124
0.480207
0.674154
0.270775
0.35531
0.800595
0.595258
0.305489
0.655908
0.417176
0.67665
0.429375
0.434192
0.259507
0.49185
0.399269
0.469662
0.359824
0.644148
0.308866
0.341706
0.57432
0.361129
0.487568
0.172025
0.334888
0.53286
0.516185
0.820158
0.226255
0.421888
0.994274
0.456724
0.121762
0.317052
0.975455
0.481945
0.28389
0.275201
0.363208
0.685835
0.365457
0.353028
0.726879
0.734883
0.442997
0.366072
0.644905
0.426072
0.297398
0.696322
0.566222
0.482638
0.581952
0.505963
0.252597
0.617615
0.910488
0.324953
0.303563
0.41458
0.479827
0.655575
0.262661
0.653444
0.350649
0.442504
0.441776
0.419385
0.401372
0.447974
0.329373
0.29479
0.608646
0.500022
0.294271
0.471405
0.443648
0.20413
0.362897
0.649037
0.286971
0.350165
0.618642
0.318468
0.378733
0.236453
0.656114
0.481317
0.48408
0.557348
0.162629
0.348058
0.697985
0.716921
0.44018
0.523856
0.518575
0.242484
0.423416
0.611563
0.616426
0.270456
0.373653
0.519631
0.396663
0.406972
0.0906573
0.377403
0.57108
0.520758
0.524933
0.755974
0.252923
0.212203
0.269942
0.239518
0.845763
0.130851
0.767562
0.355332
0.499937
0.438241
0.426739
0.239518
0.370141
0.600249
0.292067
0.385785
0.399123
0.30357
0.22841
0.365332
0.439148
0.137854
0.473087
0.416636
0.678676
0.414637
0.361466
0.851882
0.184725
0.382405
0.332782
0.145667
0.348678
0.383647
0.365676
0.525218
0.681452
0.564239
0.646444
0.289073
0.599892
0.233919
0.257317
0.24097
0.42078
0.183328
0.404116
0.303163
0.284363
0.228473
0.0388614
0.808426
0.676885
0.490799
0.451653
0.611385
0.259154
0.287272
0.469606
0.408746
0.429333
0.341237
0.924553
0.900501
0.629544
0.280161
0.394512
0.233222
0.317352
0.0992244
0.295415
0.4393
0.448399
1.05102
0.516444
0.4343
0.573939
0.50714
0.823234
0.793603
0.342994
0.450453
0.261382
0.450804
0.699132
0.45749
0.483987
0.352991
0.492243
0.301022
0.300498
0.195239
0.796747
0.338726
0.351131
0.477489
0.480684
0.659569
0.279965
0.471241
0.437455
0.215639
0.516388
0.0862407
0.19412
0.500481
0.553377
0.5042
0.275653
0.102494
0.37568
0.213979
0.362467
0.35394
0.413687
0.531046
0.489008
0.302568
0.467387
0.336146
0.277223
0.488764
0.695965
0.293171
0.38853
0.908501
0.453248
0.712155
0.703392
0.343969
0.496335
0.342508
0.916406
0.342532
0.271081
0.25561
0.311707
0.275077
0.526761
0.74254
0.686785
0.376105
0.724393
0.478914
0.479499
0.364583
0.401219
0.448862
0.239699
0.510325
0.599902
0.289547
0.665174
0.505969
0.937348
0.531696
0.376514
0.299931
0.691887
0.135351
0.470496
0.243823
0.496815
0.311325
0.551251
0.600526
0.211209
0.353617
0.534299
0.654593
0.0453522
0.198182
0.302963
0.4145
0.475006
0.374136
0.355296
0.509259
0.658057
0.436048
0.613519
0.060553
0.144214
0.548986
0.527341
0.49243
1.01314
0.215993
0.218709
0.257778
0.846595
0.30549
0.415282
0.616468
0.313313
0.569976
0.695911
0.378864
0.424517
0.414282
0.841224
0.300446
0.226465
0.406683
0.388949
0.341601
0.567849
0.445519
0.403306
0.275108
0.292179
0.50074
0.718474
0.892293
0.512596
0.412924
0.77287
0.502362
0.34935
0.772134
0.376166
0.420265
0.169187
0.106033
0.571793
0.402967
0.624165
0.454857
0.518435
0.14683
0.519812
0.745494
0.461335
0.25982
0.449084
0.203144
0.317088
0.47607
0.244198
0.288192
0.405838
0.441951
0.271446
0.449105
0.32082
0.562032
0.279071
0.430591
0.0283431
0.373242
0.449003
0.74607
0.413939
0.502697
0.456516
0.261851
0.942112
0.357565
0.27115
1.11433
0.437874
0.462532
0.660958
0.518485
0.502347
0.326547
0.589205
0.399913
0.406133
0.55272
0.440589
0.233481
0.811195
0.432622
0.35793
0.348961
0.415255
0.455102
0.67278
0.300281
0.101366
0.432271
0.341071
0.369249
0.341415
0.274511
0.566233
0.3059
0.260033
0.268706
0.421291
0.251831
0.578046
0.382651
0.245855
0.525708
0.224939
0.197767
0.417098
0.314974
0.260165
0.460726
0.725947
0.18272
0.447015
0.427536
0.608647
0.342865
0.422353
0.593247
0.672737
0.439313
0.376638
0.513979
0.242469
0.971567
0.231755
0.184246
0.410988
0.335141
0.445621
0.390324
0.176071
0.745576
0.477096
0.910443
0.450115
0.379886
0.415648
0.556525
0.92991
0.525778
0.310407
0.306847
0.423491
0.291953
0.317186
0.551657
0.444052
0.578458
0.301953
0.277045
0.403366
0.740264
0.792805
0.534523
0.410683
0.538441
0.309386
0.604728
0.40828
0.488356
0.697545
0.685945
0.0917924
0.444406
0.312108
0.249545
0.426687
0.52195
0.403981
0.258444
0.583793
0.364118
0.586075
0.540546
0.174051
0.294047
0.249113
0.344186
1.36794
0.505901
0.0478711
0.579294
0.382835
0.661069
0.373509
0.522238
0.202547
0.446157
0.615702
0.185467
0.336647
0.571772
0.484713
0.459674
0.85471
0.625272
0.301088
0.547082
0.564309
0.412257
0.330644
0.714276
0.511287
0.180548
0.364258
0.163384
1.03559
0.524182
0.44611
0.269648
0.644123
0.0807823
0.492751
0.181344
0.376572
0.371629
0.453063
0.308556
1.03276
0.313321
0.64131
0.833395
0.409905
0.4606
0.524782
0.273528
0.879433
0.466381
1.03406
0.32539
0.421716
0.358691
0.4803
0.53583
0.518156
0.484408
0.286116
0.262481
0.283759
0.639282
0.599074
0.681647
0.410711
0.796278
0.357651
0.564573
0.377201
0.390922
0.181443
0.373588
0.560105
0.589036
0.151371
0.187555
0.360981
0.265648
0.453508
0.254776
0.509076
0.486764
0.567545
0.331478
0.822059
0.607753
0.425685
0.394653
0.88328
0.232665
0.404689
0.475575
0.518031
0.657529
0.334509
0.979457
0.432643
0.30704
0.45913
0.195187
0.286198
0.560315
0.458964
0.282529
0.484777
0.387088
0.479872
0.258357
0.592093
0.476519
0.380987
0.442574
0.2428
0.413292
0.281307
0.371583
0.45911
0.698195
0.435806
0.809846
0.279326
0.310843
0.217237
0.323378
0.649781
0.544683
0.0792678
0.784491
0.306769
0.648318
0.580507
0.28347
0.52436
0.58995
0.237265
0.415995
0.512814
0.81914
0.311309
0.420046
0.47015
0.316559
0.344259
0.160889
0.228972
0.654326
0.56166
0.43359
0.57913
0.528436
0.690715
0.218324
0.30095
0.432115
0.597069
0.751486
0.31197
0.282578
0.597479
0.162127
0.186169
0.967144
0.795046
0.317557
0.640687
0.138846
0.337153
0.492902
0.472251
0.558941
0.258375
0.33018
0.223377
0.237508
0.879995
0.488686
0.440173
0.409858
0.45438
0.204644
0.164232
0.49376
0.319363
0.3693
0.107524
0.172856
0.385133
0.304439
0.830223
0.658349
0.599851
0.0722506
0.391885
0.609526
0.0937722
0.615365
0.861578
0.17677
0.28224
0.27213
0.509478
0.923005
0.0444258
0.938186
0.0904118
0.20123
0.570091
0.428953
0.336611
0.541018
0.744849
0.303215
0.335336
0.358741
0.250766
0.295226
0.241317
0.661234
0.337943
0.137382
0.237877
0.755592
0.10788
0.375988
0.325355
0.364509
0.238753
0.194551
0.725159
0.179049
0.526327
0.251722
0.69134
0.238191
0.107847
0.314115
0.464853
0.422725
0.667805
0.164518
0.323436
0.524085
0.591392
0.721652
0.563327
0.930885
0.693288
0.522423
0.470854
0.339708
0.733751
0.382865
0.761602
0.3375
0.692225
0.658794
0.982111
0.428541
0.717144
0.620759
0.619019
0.503992
0.398009
0.351158
0.481151
0.915965
0.210289
0.589992
0.333778
0.23628
0.664481
0.185947
0.736356
0.145187
0.262373
0.568562
0.544787
0.735265
0.197147
0.248852
0.572936
0.140996
0.62457
0.182402
0.512127
0.71084
0.573393
0.299318
0.331313
0.514144
0.281401
0.323847
0.71807
0.7307
0.163709
0.500679
0.970732
0.0477576
0.3295
0.144124
0.412398
0.322941
0.222165
0.644148
0.4728
0.592428
0.291864
0.866796
0.695133
0.317083
0.193112
0.375259
0.522016
0.478206
0.435253
0.196788
0.59715
0.254777
0.612687
0.185096
0.720717
0.495443
0.370779
0.321592
0.317095
0.283403
0.514459
0.169078
0.093421
0.419105
0.133508
0.455398
0.45245
0.455819
0.445192
0.282489
0.216256
0.566106
0.472747
0.618359
0.258219
0.858976
0.16876
0.460135
0.537394
0.518627
0.686217
0.0450941
0.306706
0.903625
0.641599
0.874425
0.457302
0.563531
0.681906
0.486148
0.378331
0.654803
0.621514
0.203185
0.39868
0.395847
0.330142
0.458349
0.501083
0.295891
0.594649
0.490138
0.244162
0.615912
0.352369
0.691464
0.357985
0.338519
0.641233
0.378079
0.685143
0.65672
0.316422
0.189572
0.254248
0.184323
0.275521
0.504675
0.739491
0.470804
0.548586
0.612934
0.79428
0.401406
0.353015
0.619616
0.374211
0.434508
0.381439
0.43625
0.346464
0.224095
0.416819
0.343941
0.354419
0.500956
0.754353
0.624621
0.66249
0.592228
0.195834
0.169086
0.212075
0.168861
0.308424
0.412374
0.582706
0.242638
0.168441
0.420361
0.861387
0.323739
0.435275
0.456955
0.622843
0.296986
0.31387
0.672449
0.507975
0.622712
0.499922
0.428799
0.260169
0.434662
0.202479
0.305505
0.47213
0.397197
0.504716
0.308502
0.328794
0.392792
0.185809
0.577795
0.0814463
0.568691
0.585651
0.655584
0.457226
0.603151
0.538733
0.176564
0.454944
0.247031
0.497434
0.538339
0.242552
0.494801
0.566168
0.918435
0.300642
0.344727
0.0670532
0.363757
0.553532
0.432371
0.490071
0.201929
0.233159
0.891088
0.278766
0.685264
0.449668
0.501319
0.196159
0.386162
0.424572
0.109261
0.427271
0.276324
0.563158
0.350656
0.465648
0.49224
0.729902
0.339518
0.378233
0.742325
0.6347
0.490865
0.53575
0.571115
0.429193
0.419166
0.491852
0.454867
0.921629
0.40207
0.563233
0.336757
0.216721
0.462129
0.188614
0.280514
0.371061
0.408343
0.273794
0.628042
0.445731
0.350802
0.677412
0.136565
0.309768
0.415323
0.413648
0.787416
0.30204
0.460572
0.508936
1.00896
0.219691
0.293107
0.108764
0.18502
0.467537
0.359612
0.278082
0.457533
0.130449
0.366969
0.465066
0.588656
0.577427
0.292212
0.635135
0.560618
0.393245
0.171283
0.524484
0.257619
0.628635
0.60088
0.402527
0.691385
0.208975
0.14271
0.0477694
0.388945
0.294068
0.428642
0.689735
0.556899
0.570982
0.12083
0.421288
0.719071
0.315532
0.547229
0.289249
0.951365
0.415437
0.377019
1.00674
0.308795
0.755117
0.462153
0.551278
0.560153
0.561275
0.361647
0.120436
0.277902
0.607395
0.285496
0.529339
0.649861
0.350192
0.204445
0.727011
0.55327
0.264445
0.629422
0.265763
0.0908924
0.286624
0.464257
0.285422
0.32323
0.041041
0.436885
0.446592
0.214963
0.270875
0.445093
0.188995
0.371764
0.204067
0.438969
0.234346
0.601919
0.334138
0.610317
0.592843
0.465609
0.657809
0.559995
0.428793
0.500042
1.00107
0.396579
0.269233
0.29056
0.44595
0.259942
0.700139
0.217929
0.494586
0.315798
0.404191
0.39706
0.251953
0.326057
0.295981
0.30828
1.13962
0.232994
0.509424
0.804017
0.468325
0.31936
0.589033
0.546757
0.589689
0.323831
0.405478
0.581023
0.308626
0.932222
0.753783
0.46326
0.407206
0.852293
0.667456
0.946704
0.191362
0.257791
0.384984
0.345182
0.830538
0.262533
0.287121
0.871872
0.456396
0.797384
0.256604
0.587168
0.209664
0.335002
0.367735
0.453841
0.379742
0.451125
0.173431
0.764802
0.622589
0.36442
0.244694
0.528709
0.354821
0.342755
0.254399
0.552538
0.104725
0.625539
0.326454
0.47682
0.170323
0.646716
0.353995
0.21433
0.616327
0.31572
0.495521
0.335645
0.831675
0.238949
0.392682
0.469403
0.507323
0.35421
0.793942
0.507231
0.274878
0.274447
0.17345
0.0175101
0.282815
0.536369
0.651727
0.379664
0.0597101
0.254073
0.543036
0.194032
0.109752
0.414483
0.349437
0.52845
0.418743
0.189247
0.234513
0.627267
0.0583511
0.472751
0.652158
0.469827
0.370328
0.430564
0.0600682
0.405676
0.63268
0.647505
0.374649
0.044651
0.3235
0.383219
0.784047
0.730226
0.473805
0.659644
0.527593
0.367689
1.07991
0.592509
0.0688848
0.537581
0.209094
0.365158
0.347815
0.480906
0.337456
0.244309
0.618518
0.37814
0.17903
0.336601
0.401194
0.57476
0.543001
0.241399
0.205803
0.225897
0.326994
0.0524593
0.50469
0.434917
0.43234
0.451699
0.308401
0.403726
0.342192
0.47404
0.512051
0.233502
0.297993
0.674104
0.110467
0.535435
0.348912
0.865254
0.827255
0.233715
0.274928
0.395755
0.524135
0.68189
0.530744
0.376213
0.466953
0.297514
0.381847
0.27302
0.547824
0.382272
0.537806
0.305533
0.600033
0.532272
0.779611
0.375199
0.182331
0.354602
0.5201
0.476242
0.824215
0.509298
0.401197
0.857347
0.603209
0.30374
0.700764
0.349281
0.427561
0.627202
0.629696
0.35544
0.305549
0.532859
0.52858
0.617586
0.0779035
0.695106
0.259032
0.436915
0.560173
0.359507
0.227475
0.121573
0.583783
0.516364
0.0807253
0.4574
0.761521
0.599477
0.384401
0.495849
0.476202
0.667539
0.664511
0.211651
0.421345
0.117184
0.150017
0.615001
0.608734
0.1749
0.545093
0.105853
0.744345
0.625478
0.177221
0.676248
0.325172
0.46485
0.177052
0.638655
0.512162
0.953163
0.273768
0.724159
0.797523
0.219632
0.360062
0.52382
0.888621
0.548998
0.848928
0.357149
0.659444
0.523103
0.346837
0.462294
0.487963
0.566246
0.779878
0.48018
0.292861
0.516847
0.176494
0.47643
0.866397
0.644418
0.41237
0.273061
0.529662
0.416739
0.272571
0.415776
0.181747
0.532997
0.489239
1.01672
0.246148
0.626642
0.506001
0.251373
0.531421
0.163486
0.1792
0.18684
0.45893
0.272604
0.213078
0.318153
0.32273
0.28692
0.345212
0.46303
0.153225
0.427202
0.359829
0.51621
0.0979304
0.360666
0.5338
0.51469
0.0933966
0.257219
0.506006
0.43066
0.767329
0.398927
0.309155
0.596354
0.335836
0.953324
0.2743
0.331085
0.879581
0.719948
0.514065
0.241238
0.302614
0.645836
0.792202
0.285203
0.298138
0.880942
0.553549
0.18385
0.391503
0.293461
0.228661
0.489007
0.343873
0.581005
0.793456
0.377236
0.229451
0.557425
0.184642
0.415481
0.492036
0.396682
0.406923
0.303309
0.24879
0.615839
0.647547
0.504415
0.770182
0.251333
0.149333
0.55836
0.148294
0.410962
0.297712
0.41794
0.48582
0.203855
0.172826
0.798054
0.378872
0.542464
0.0833343
0.273889
0.663483
0.284705
0.683717
0.229704
0.37062
0.447529
0.148668
0.594536
0.611997
0.411057
0.587011
0.954563
0.846935
0.494663
0.188006
0.292549
0.559197
0.488743
0.95442
0.666809
0.231683
0.219745
0.0333721
0.367299
0.490914
0.433348
0.711641
0.422768
0.0565212
0.420147
0.43803
0.904943
0.398168
0.321804
0.945951
0.0933027
0.46736
0.323216
0.284415
0.64967
0.644478
0.666986
0.540392
0.261519
0.348703
0.535287
0.503719
0.962805
0.741628
0.57497
0.426418
0.363152
0.816421
0.460493
0.250137
0.566159
0.190208
0.299417
0.283004
0.712953
0.504112
0.396963
0.375154
0.371167
0.0640753
0.488108
0.378016
0.493067
0.331955
0.411239
0.655765
0.240228
0.595097
0.236121
0.670743
0.532892
0.402502
0.150632
0.484595
0.382163
0.616965
0.226112
0.316505
0.419439
0.549641
0.215879
0.460112
0.389292
0.350266
0.611646
0.234431
0.458486
0.223259
0.17437
0.640523
1.02134
0.360141
0.286975
0.269979
0.508731
0.496373
0.405902
0.285333
0.865477
0.324617
0.291451
0.468039
0.539761
0.296827
0.190383
0.264726
0.420232
0.201982
0.576741
0.0572279
0.995372
0.358845
0.660727
0.345211
0.202832
0.261896
0.46193
0.605393
0.225713
1.09694
0.408922
0.447159
0.659138
0.165169
0.544854
0.417997
0.347933
0.585203
0.550564
0.0625512
1.07646
0.314772
0.595375
0.484094
0.422614
0.189326
0.772869
0.600737
0.321847
0.34475
0.3916
0.430626
0.470823
0.649123
0.225093
0.431794
0.789732
0.545389
0.71133
0.375408
0.420557
0.11951
0.494086
0.357638
0.135539
0.508797
0.101973
0.301212
0.132859
0.641704
0.349908
0.53582
0.283227
0.559367
0.281623
0.11174
0.197012
0.20214
0.334159
0.58663
0.19076
0.495245
0.304395
0.497281
0.413621
0.547891
0.450708
0.016271
0.33775
0.138862
0.578809
0.336544
0.426576
0.517516
0.416633
0.290845
0.170486
0.210628
0.590791
0.380983
0.721031
0.180296
0.480068
0.142507
0.270321
0.361793
0.59911
1.08707
0.507188
0.469486
0.613589
0.520862
0.66424
0.800813
0.39024
0.426872
0.573073
0.411657
0.346192
0.360825
0.374877
0.368982
0.74925
0.553877
0.440355
0.129381
0.627468
1.09659
0.348754
0.426351
0.487802
0.699001
0.814771
0.498585
0.152553
0.513983
0.259311
0.233561
0.499746
0.368239
0.404789
0.425936
1.16147
0.364653
0.462879
0.562766
0.192896
1.00861
0.867859
0.528396
0.271983
0.231971
0.604614
0.755723
0.279599
0.318244
0.345971
0.722927
0.243031
0.44879
0.30461
0.531066
0.781502
0.693013
0.329026
0.0956982
0.582654
0.182325
0.469633
0.503374
0.0943456
0.73166
0.364459
0.802854
0.283593
0.363297
0.32603
0.263348
0.772388
0.53329
0.384096
1.1381
0.230906
0.241286
0.496259
0.501724
0.596216
0.28865
0.689234
0.175997
0.151194
0.252845
0.40759
1.14641
0.787848
0.693738
0.67102
0.323122
0.26063
0.261159
0.199486
0.348929
0.28494
0.725421
0.632101
0.0906766
0.464914
0.545487
1.2069
0.456078
0.516536
0.546282
0.380561
1.0054
0.460038
0.538098
0.202969
0.548939
0.545941
0.343635
0.372173
0.133582
0.515029
0.319763
0.845699
0.234497
0.533264
0.430755
0.42135
0.371071
0.408794
0.307886
0.290324
0.29705
0.376598
0.571448
0.102844
0.188808
0.153477
0.0874711
0.653324
0.563853
0.401844
0.462586
0.350302
0.395671
0.499557
0.0786275
0.356455
0.266059
0.432353
0.395083
0.774593
0.756566
0.584071
0.575198
0.468943
0.559683
0.542073
0.3777
0.553224
0.470719
0.302079
0.645714
0.349641
0.294752
0.530061
0.924093
0.707687
0.233948
0.437252
0.313417
0.937184
0.253384
0.653733
0.42706
0.362508
0.306397
0.300853
0.471384
0.335963
0.0594588
0.373301
0.429554
0.278721
0.469698
0.468458
0.341722
0.676262
0.332429
0.226115
0.480668
0.451998
0.473322
0.524791
0.320579
0.145391
0.308147
0.679571
0.509151
0.437894
0.54881
0.131172
0.444754
0.271472
0.219416
0.222844
0.369851
0.605214
0.297208
0.241673
0.612833
1.21066
0.288654
0.387996
0.368515
0.40465
0.828617
0.147513
0.18647
0.221198
0.333383
0.388165
0.147835
0.496379
0.630926
0.361159
0.276619
0.730697
0.563309
1.03885
0.219115
0.218694
0.144582
0.418058
0.0752638
0.230828
0.266836
0.625831
0.0895073
0.514135
0.16009
0.444998
0.347955
0.123221
0.0970722
1.19563
0.477175
0.439412
0.488357
0.895704
0.362079
0.425896
0.166149
0.473202
0.297356
0.681477
0.496862
0.232895
0.424207
0.335883
0.511218
0.432891
0.615321
0.244192
0.39393
0.43169
0.30839
0.235471
0.3176
0.321732
0.471684
0.795341
0.16171
0.474433
0.483934
0.334055
0.608749
0.498418
0.399477
0.802523
0.64472
0.455883
1.16798
0.754809
0.233023
0.427959
0.326781
0.695383
0.444528
0.649416
0.346581
0.0299511
0.501196
0.402239
0.614896
0.28647
0.151096
0.478366
0.612126
0.88475
0.609234
0.787557
0.201105
0.353376
0.354619
0.476246
0.24094
0.584168
0.59355
0.40164
0.385222
0.397042
0.884229
0.361081
0.849678
0.560517
0.381203
0.263645
0.619216
0.274981
0.524051
0.295004
0.309422
0.667514
0.634382
0.338771
0.551461
0.427719
0.301662
0.660595
0.551518
0.306375
0.308754
0.287167
0.510921
0.243401
0.228679
0.574566
0.517751
0.185021
0.307825
0.535951
0.637185
0.231169
0.477178
0.439923
0.228434
0.371661
0.219493
0.351435
0.543615
0.147755
0.587353
0.232157
0.291023
0.289663
0.768861
0.450538
0.104376
0.558639
0.652449
0.209149
0.294566
0.71094
0.271659
0.613677
0.667412
0.235631
0.494219
0.504158
0.295155
0.460456
0.554689
0.177521
0.756995
0.322484
0.402221
0.431162
0.564211
0.448185
0.551389
0.178075
0.496756
0.248889
0.580629
0.760299
0.39995
0.304809
0.246935
0.15666
0.391875
1.03362
0.445519
0.423966
0.572135
0.621327
0.730475
0.817456
0.327816
0.635401
0.262381
0.429599
0.621634
0.508538
0.378574
0.983115
0.678561
0.454581
0.153792
0.684971
0.505914
0.549808
0.506482
0.497154
0.508192
0.676666
0.261385
0.468127
0.503955
0.336101
0.952592
0.16268
0.464316
0.231046
0.221308
0.412951
0.623705
0.295906
0.704096
0.389261
0.608414
1.06905
0.539301
0.651251
0.428527
0.710391
0.595493
0.400718
0.369069
0.1174
0.492865
0.126032
0.595078
0.262296
0.264384
0.679682
0.291295
0.284891
0.249519
0.096805
0.665055
0.690489
0.23845
0.305871
0.162368
0.37216
0.288619
0.485675
0.441393
0.441796
0.35351
0.586613
0.57715
0.450991
0.485735
0.212636
0.353627
0.389196
0.471785
0.929649
0.547318
0.171751
0.673266
0.485687
0.673957
0.329791
0.311187
0.58219
0.805832
0.872169
0.220582
0.34335
0.746428
0.694048
0.413817
0.389839
0.51566
0.616137
0.367739
0.406823
0.72472
0.629143
0.149532
0.554616
0.639691
0.481792
0.0969644
0.262086
0.298052
0.572494
0.475916
0.450896
0.264039
0.319035
0.086597
0.267707
0.312764
0.442911
0.508048
0.338165
0.739891
0.147213
0.444362
0.255553
0.182542
0.447161
0.417946
0.419651
0.226226
0.569955
0.443165
0.596178
0.322888
0.105806
0.313265
0.299181
0.821068
0.132247
0.414983
0.555491
0.0692607
0.313903
0.643251
0.511414
0.282082
0.303461
0.334563
0.442889
0.560639
0.277797
0.613937
0.334594
0.47343
0.385717
0.532917
0.413892
0.288935
0.486397
0.497759
0.81051
0.651538
0.149506
0.2893
0.278175
0.524752
0.653714
0.356952
0.1655
0.156561
0.297825
0.257207
0.211972
0.677981
0.141818
0.391781
0.114164
0.61579
0.387776
0.410536
0.217715
0.546021
0.591805
0.481673
0.248304
0.569732
0.761171
0.237968
0.513217
0.688047
0.431023
0.439951
0.222924
0.563839
0.461431
0.654151
0.27751
0.42404
0.240904
0.0397925
0.70492
0.435849
0.558693
0.167064
0.29985
0.404965
0.38335
0.453848
0.132592
0.358156
0.554599
0.515807
0.674312
0.190868
0.41664
0.685846
0.271193
0.385221
0.377637
0.233452
0.269155
0.656353
0.429216
0.208233
0.320162
1.00592
0.445049
0.43656
0.372993
0.1277
0.563026
0.265154
0.439176
0.0856582
0.599755
0.665666
0.388642
0.7374
0.670015
0.411141
0.32148
0.413634
0.177388
0.378094
0.543933
0.445035
0.831936
0.353408
0.172247
0.384233
0.269867
0.16284
0.48622
0.57039
0.265007
0.337762
0.720165
0.196121
0.558757
0.75336
0.664353
0.0933828
0.281571
0.322014
0.366285
0.374254
0.509606
0.519097
0.0879878
0.455022
0.269464
0.594909
0.36905
0.104177
0.351082
0.611022
0.291548
0.712962
0.383367
0.492321
0.295927
0.232919
0.524607
0.247276
0.567726
0.434832
0.664783
0.635909
0.412702
0.150985
0.388967
0.162965
0.387909
1.37709
0.348198
0.378784
0.500313
0.334857
0.427726
0.252866
0.518816
0.584747
0.510688
0.604946
0.658948
0.626657
0.509343
0.109703
0.397408
0.836663
1.0132
0.422279
0.761334
0.444295
0.448698
0.500625
0.606927
0.979011
0.706509
0.449099
0.667208
0.772103
0.633737
0.488272
0.190794
0.469136
0.370073
0.161601
0.392342
0.293603
0.34007
0.145536
0.0952689
0.547509
0.408767
0.275653
0.26459
0.369883
0.351762
0.435437
0.431667
0.0852485
0.289785
0.456938
0.64644
0.211089
0.388493
0.280011
0.417319
0.468833
0.306787
0.339974
0.107044
0.321245
0.293959
0.267213
0.524648
0.106266
0.254935
0.399943
0.413263
0.250347
0.542119
0.175431
0.420004
0.352969
0.231962
0.536029
0.355122
0.349626
0.549116
0.428211
0.309109
0.266036
0.28336
0.684678
0.653955
0.601174
0.0827806
0.298861
0.76732
0.528807
0.133092
0.216977
0.384229
0.822555
0.299757
0.674977
0.837988
0.342838
0.418558
0.246236
0.431615
0.416223
0.88554
0.319618
0.497775
0.0639982
0.397746
0.42561
0.322966
0.421186
0.215097
0.331176
0.657164
0.457414
0.264951
0.28069
0.337183
0.292565
0.391453
0.209098
0.192768
0.504798
0.652323
0.817713
0.526567
0.66528
0.584924
0.264738
0.414207
0.352042
1.05964
0.352447
0.676028
0.577907
0.40539
0.655987
0.592495
0.789332
0.129139
0.362489
0.204246
0.242282
0.552144
0.281468
0.526143
0.517634
0.707671
0.294745
0.472741
0.23775
0.5004
0.468308
0.309748
0.519885
0.142582
0.466728
0.377071
0.431273
0.308296
0.36576
0.123694
0.455087
0.473321
0.37735
0.171106
0.270775
0.172017
0.645719
0.405692
0.516903
0.266483
0.518705
0.417893
0.473488
0.233026
0.455999
0.519625
0.0858911
0.345308
0.263221
0.619034
0.387861
0.478759
0.425397
0.577666
0.303839
0.257816
0.626358
0.655917
0.262139
1.08108
0.383991
0.353717
0.174696
0.32032
0.550377
0.332832
0.400933
0.633756
0.418161
0.538142
0.250624
0.165181
0.340852
0.881493
0.400927
0.621083
0.58044
0.638325
0.443168
0.378232
0.615145
0.58253
0.318936
0.272466
0.570469
0.0683294
0.390737
0.572936
0.576829
0.463546
0.356396
0.17875
0.450022
0.095024
0.392072
0.241876
0.653097
0.323726
0.355639
0.484124
0.614233
0.38066
0.362142
0.396935
0.639871
0.756246
0.239315
0.532862
0.310657
0.499416
0.415782
0.359538
0.604706
0.695192
0.512029
0.484071
0.56696
0.363414
0.418026
0.0594655
0.221777
0.338982
0.354499
0.549551
0.396273
0.738355
0.575923
0.314787
0.395147
0.474582
0.494452
0.70022
0.195928
0.468084
0.510981
0.465973
0.212135
0.0508848
0.235727
0.326976
1.3239
0.28011
0.427428
0.630867
0.142595
0.405637
0.775192
0.529181
0.620764
0.718704
0.378167
0.568816
0.312173
0.459104
0.398348
0.170218
0.345173
0.297767
0.723197
0.107794
0.3064
0.278604
0.0902269
0.463651
0.556303
0.68999
0.17594
0.102196
0.521588
0.355925
0.536313
0.30097
0.478107
0.331512
0.319109
0.558397
0.689012
0.671657
0.432325
0.378994
0.443978
0.406118
0.0366724
0.461404
0.321189
0.642491
0.383693
0.371471
0.643703
0.67186
0.426958
0.31784
0.714229
0.579481
0.877191
0.543389
0.486615
0.334629
0.590557
0.481757
0.373
0.559902
0.281739
0.597527
0.436951
0.329137
0.654684
0.686117
0.275744
0.190041
0.0769466
0.400595
0.438956
0.344572
0.402054
0.382801
0.78914
0.430189
0.330194
0.460459
0.315728
0.167566
0.328722
0.42298
0.437578
0.507867
0.212967
0.479658
0.695413
0.410099
0.542557
0.345058
0.24613
0.166091
0.386615
0.667893
0.813728
0.442872
0.66141
0.363058
0.225252
0.262062
0.702289
0.095067
0.191452
0.264614
0.624955
0.287977
1.09927
0.129921
0.475815
0.256028
0.3089
0.107331
0.408125
0.68915
0.433665
0.697988
0.106684
0.793885
0.598202
0.66985
0.280734
0.24677
0.553538
0.525097
0.127717
0.466874
0.302127
0.644011
0.521794
0.393861
0.321234
0.43219
0.338506
0.249453
0.495743
0.418975
0.222437
0.599134
0.334196
0.020342
0.497304
0.164073
0.636341
0.434199
0.181639
0.650944
0.428258
0.441884
0.502176
0.60383
0.193183
0.130502
0.428451
0.259251
0.230276
0.470172
0.70203
0.520232
0.0684369
0.335382
0.292895
0.14069
0.297685
0.352117
0.328979
0.545771
0.262282
0.128959
0.536277
0.303133
0.755141
0.23884
0.542911
0.444796
0.79627
0.576984
0.121865
0.509253
0.578669
0.504333
0.60755
0.255734
0.311098
0.499326
0.246015
0.242622
0.760157
0.394573
0.336535
0.209836
0.541625
0.532196
0.236592
0.47256
0.355982
0.20681
0.644265
0.657916
0.237648
0.17979
0.17176
0.458718
0.0964844
0.327542
0.231608
0.720412
0.173958
0.289292
0.824477
0.591695
0.820269
0.912157
0.438985
0.234814
0.287811
0.401911
0.273337
0.0494739
0.273579
0.298339
0.332043
0.463751
0.426699
0.598341
0.619437
0.205802
0.513313
0.100299
0.247341
0.181283
0.21041
0.534442
0.629223
0.400631
0.391477
0.660324
0.322033
0.521676
0.726124
0.343834
0.156219
0.25408
0.565754
0.557786
0.956332
0.718267
0.0840865
0.419983
0.259834
0.59331
0.262247
0.487212
0.49002
0.15377
0.601898
0.279352
0.280515
0.475707
0.588141
0.60345
0.657736
0.420742
0.229734
0.786612
0.102923
0.482355
0.27628
0.421733
0.657656
0.514442
0.429267
0.160837
0.22507
0.13512
0.354138
0.261609
0.137995
0.456679
0.320579
0.304073
0.243959
0.126067
0.252328
0.639786
0.215948
0.0979778
0.726925
0.348624
0.382337
0.355332
0.272655
0.495307
0.157175
0.442438
0.534851
0.274463
0.496473
0.225708
0.197126
0.616687
0.29903
1.42348
0.323123
0.365736
0.346779
0.484641
0.263165
0.162072
0.514795
0.311599
0.237474
0.390352
0.621772
0.568108
0.517553
0.337938
0.350304
0.246069
0.347084
0.431677
0.0431426
0.510627
0.114542
0.223005
0.28108
0.314265
0.553201
0.598011
0.360966
