0.704209
0.630115
0.400515
0.191714
0.273668
0.101661
0.144487
0.0873604
0.297494
0.0355733
0.121364
0.0472266
0.242309
0.0455376
0.0313498
0.117758
0.0603587
0.0891315
0.0698235
0.207924
0.0549513
0.0489253
0.183792
0.13081
0.168294
0.0737644
0.0222973
0.120116
0.0250524
0.0574615
0.0998
0.030088
0.0173545
0.0499136
0.0387252
0.053638
0.0521037
0.0774443
0.0455585
0.0516944
0.0255231
0.00898002
0.0933096
0.0177384
0.0162481
0.045151
0.0443699
0.0264157
0.0210247
0.116362
0.00766868
0.114298
0.0872425
0.0173559
0.0568793
0.0263858
0.0253183
0.0390099
0.032467
0.0881481
0.0941665
0.0913207
0.0237591
0.0239962
0.0941815
0.0871989
0.044631
0.0249546
0.0688786
0.0441992
0.0511858
0.0475959
0.0138454
0.0615771
0.0843736
0.00840051
0.0468073
0.00945471
0.0656236
0.0383731
0.0248527
0.0224443
0.0268021
0.0229802
0.0847119
0.0848902
0.0732409
0.0128109
0.0161214
0.00923793
0.0385885
0.0156451
0.0397636
0.078801
0.016214
0.0131474
0.131695
0.0305601
0.030531
0.0197417
0.0164003
0.0179731
0.0358743
0.0304645
0.0103714
0.022227
0.0279716
0.0771607
0.017645
0.124336
0.0781898
0.00495495
0.0244611
0.0331217
0.00983678
0.0410238
0.0626925
0.0483
0.0294563
0.0197335
0.0423249
0.0145796
0.032533
0.0131296
0.023391
0.0225226
0.0345675
0.0698625
0.00390255
0.0251769
0.0285183
0.025025
0.0675215
0.0257788
0.0258041
0.0426428
0.304074
0.0148693
0.0241565
0.0134634
0.0910187
0.00602373
0.00473972
0.00900829
0.0292458
0.0102464
0.00907538
0.0223177
0.0505179
0.0752859
0.0170884
0.0120279
0.013445
0.004138
0.00860367
0.0446248
0.052017
0.0297723
0.244202
0.0305815
0.0637417
0.0272723
0.00744107
0.0536954
0.0102562
0.0114582
0.0990556
0.0127459
0.00277751
0.00112538
0.0463321
0.0181082
0.0680743
0.0373397
0.015694
0.00430609
0.00822598
0.029431
0.0663576
0.0142859
0.00959994
0.0315999
0.00403383
0.0110815
0.0810713
0.0277732
0.0150613
0.0479238
0.0356529
0.0111518
0.0186911
0.0656529
0.0062328
0.00514524
0.055302
0.0702179
0.016877
0.0244952
0.0280161
0.00701393
0.00967735
0.0108882
0.0305936
0.00434367
0.00203431
0.0634314
0.0252418
0.040107
0.00747077
0.043278
0.112032
0.0148593
0.00984108
0.0496805
0.0141881
0.021917
0.0132044
0.00952089
0.024475
0.0164444
0.0109459
0.116629
0.0465429
0.0202592
0.0984268
0.00660325
0.0762348
0.0254434
0.0499915
0.0400083
0.0225421
0.0405034
0.019243
0.0314668
0.026488
0.0475153
0.00593572
0.0315033
0.00572589
0.0526669
0.0464804
0.0490933
0.133194
0.0138837
0.0320546
0.0149512
0.0374569
0.0144885
0.00755064
0.0651775
0.0856834
0.0613512
0.056781
0.037224
0.0741466
0.00932479
0.0220918
0.0313032
0.0114539
0.0421673
0.0115357
0.107577
0.0876278
0.0713748
0.056036
0.0321332
0.00720625
0.0261326
0.012581
0.0452337
0.0180778
0.0545937
0.0181783
0.0406966
0.0539094
0.0815906
0.0140454
0.0494105
0.0211357
0.0565862
0.00282967
0.0168045
0.00488795
0.0177902
0.00130882
0.0218528
0.0433886
0.0294963
0.00131526
0.0502605
0.0176775
0.0087557
0.0361502
0.0304934
0.0109577
0.0548507
0.0526879
0.0445236
0.0440468
0.00113569
0.166964
0.0334509
0.0245262
0.052265
0.0219973
0.0332401
0.0200601
0.0136626
0.0141014
0.00478006
0.00796373
0.0547436
0.0376241
0.00120181
0.0234978
0.022834
0.00391962
0.0451941
0.00780168
0.0182304
0.0608481
0.00651845
0.0102344
0.0185148
0.00373768
0.0552996
0.0279157
0.021851
0.00176306
0.000983048
0.00589444
0.0422161
0.0745115
0.0272123
0.0309561
0.013854
0.0679173
0.0218182
0.000547762
0.000379583
0.163482
0.00672275
0.00643358
0.00232437
0.0534729
0.034828
0.00425879
0.0613108
0.0317338
0.0417584
0.0183745
0.0350956
0.0488662
0.0902504
0.0106678
0.00613343
0.00809906
0.0030308
0.0269755
0.00797273
0.0144481
0.0213505
0.0137488
0.0162333
0.105232
0.00493862
0.0123816
0.014263
0.00899123
0.00706799
0.0061515
0.0310808
0.00465825
0.0218829
0.00927097
0.0316315
0.00291002
0.0597577
0.00461264
0.00664597
0.0501274
0.0213676
0.0755355
0.0175542
0.0360226
0.000748609
0.0303212
0.00760749
0.0808432
0.00235826
0.0311907
0.00806844
0.0565432
0.00107868
0.033254
0.0250045
0.031945
0.0123077
0.0112212
0.00760235
0.000221022
0.0143883
0.0104652
0.00635508
0.0485511
0.0174872
0.0174593
0.0267834
0.0177521
0.00301871
0.00395559
0.0315191
0.0213037
0.0240214
0.0361392
0.00273248
0.0609915
0.033203
0.0173819
0.0701912
0.0233252
0.00126405
0.0077152
0.00521793
0.0214121
0.00300228
0.014118
0.0468485
0.00976329
0.00143725
0.079163
0.00148112
0.0258657
0.0122006
0.0267434
0.0274638
0.00193959
0.0540105
0.103484
0.0192188
0.000843039
0.0410919
0.0182062
0.04194
0.00901911
0.0128446
0.0704738
0.0231482
0.00649912
0.175063
0.0750578
0.0121315
0.00550253
0.00873952
0.00512582
0.0509976
0.00613226
0.205406
0.0373966
0.0289338
0.0276934
0.0164816
0.0590039
0.023213
0.0179057
0.0185605
0.0248898
0.0369274
0.0400615
0.0135671
0.0452271
0.0364932
0.0319557
0.00251213
0.0469688
0.0284811
0.0011591
0.0232335
0.00502627
0.00320566
0.024441
0.00222396
0.0679114
0.00323813
0.0293284
0.0199616
0.0123062
0.0450979
0.0167816
0.0141814
0.0221672
0.00305316
0.018858
0.0157518
0.0145094
0.0107075
0.0868501
0.0123962
0.0434513
0.00625704
0.0186795
0.0045087
0.0198644
0.0498926
0.0108553
0.0541887
0.00623212
0.0285141
0.165563
0.0541684
0.0556471
0.00993253
0.00124143
0.0417897
0.00439374
0.0156221
0.0509878
0.00752477
0.0364906
0.0221278
0.0146763
0.00188515
0.0207386
0.0193154
0.0355653
0.0410675
0.0112779
0.0197467
0.048447
0.0276579
0.033797
0.023824
0.00102585
0.0581116
0.00865947
0.00664591
0.048489
0.112849
0.00482277
0.0100797
0.00647296
0.0209267
0.012918
0.00195664
0.0789815
0.018033
0.047242
0.032226
0.0147787
0.00196861
0.0274331
0.0339919
0.095252
0.0423955
0.0378875
0.0193326
0.0592447
0.0317084
0.0337554
0.0696073
0.0191406
0.0191748
0.0707093
0.0523727
0.013874
0.0262271
0.00165387
0.0444014
0.0142216
0.0228089
0.00476911
0.016066
0.00421819
0.000576387
0.0334562
0.0641212
0.0113828
0.00982053
0.0218404
0.0386372
0.022068
0.0123307
0.00377573
0.00167916
0.0179497
0.020224
0.043959
0.005648
0.00563022
0.0726865
0.0357703
0.017293
0.00463979
0.0140962
0.0178646
0.012539
0.0114518
0.00765778
0.00176663
0.00581736
0.0153272
0.00250604
0.00943801
0.0169024
0.0840285
0.0261929
0.00113081
0.0283197
0.0164978
0.0622973
0.00763191
0.00209824
0.0074785
0.00229062
0.0124998
0.0183717
0.0148993
0.00208992
0.0129575
0.0457763
0.0120221
0.0274626
0.00124201
0.00664016
0.0348683
0.00912564
0.0519531
0.0222233
0.0022376
0.00187485
0.0255524
0.0108843
0.0402743
0.0108525
0.0301079
0.00747007
0.00810149
0.0277269
0.038667
0.00858225
0.0129088
0.0181212
0.00698887
0.151991
0.055811
0.0173761
0.0139051
0.00838134
0.00571829
0.0170563
0.0430703
0.00367475
0.0193657
0.0106986
0.0570711
0.0166812
0.0437204
0.000838918
0.00520318
0.0117839
0.00227347
0.00863926
0.0124856
0.0139775
0.119767
0.0124778
0.032714
0.0295042
0.0199957
0.0290067
0.0196179
0.00839183
0.0192047
0.0320928
0.0511308
0.00566577
0.0109883
0.0378687
0.00272031
0.0354884
0.0611581
0.0457874
0.00891735
0.0056322
0.0200598
0.00251299
0.00718317
0.032333
0.0678788
0.0178519
0.052345
0.0236293
0.0435168
0.020267
0.00593628
0.00182748
0.0423272
0.0108257
0.0799931
0.0423523
0.0255406
0.0179386
0.0073761
0.0140348
0.0229277
0.00114671
0.0227595
0.00345527
0.00992428
0.0348132
0.0332283
0.0545
0.00199334
0.0227846
0.0185623
0.0149214
0.0951082
0.003866
0.02419
0.0698132
0.0565649
0.0128889
0.0266158
0.00983654
0.00190082
0.0343044
0.000578632
0.00207811
0.00381638
0.0184505
0.0210135
0.0124185
0.0149057
0.00327619
0.0310692
0.0294801
0.0332751
0.0668182
0.00765368
0.0336982
0.00773729
0.0214249
0.0137088
0.0252969
0.028847
0.0136745
0.0315711
0.0482914
0.0169372
0.00575112
0.00173288
0.000496384
0.0121426
0.0033103
0.0190296
0.0221265
0.0501049
0.0302989
0.0129902
0.0220642
0.00771297
0.091744
0.00598712
0.00382159
0.00742148
0.0157761
0.0095476
0.0279598
0.0099477
0.0186718
0.0519664
0.00862363
0.0173802
0.0228354
0.00681148
0.0346934
0.000631527
0.0266146
0.00503728
0.00798067
0.00155255
0.082732
0.0315666
0.00285599
0.000626262
0.0135412
0.0150734
0.00222375
0.00252976
0.0169007
0.00755183
0.00571868
0.0194588
0.0155923
0.0034768
0.00408193
0.00399476
0.0252979
0.015599
0.00575757
0.00977202
0.0635073
0.00133719
0.0800289
0.116695
0.0538796
0.00731679
0.00413136
0.101586
0.00102153
0.0240998
0.00229092
0.0536207
0.0284648
0.0188409
0.00882732
0.00211841
0.0176591
0.0230433
0.0149444
0.0299364
0.00527857
0.0333926
0.000701698
0.00370416
0.0100707
0.00547041
0.0357803
0.0158674
0.00927169
0.00189019
0.030226
0.00193294
0.0178713
0.0187314
0.00228746
0.013956
0.023226
0.0173652
0.0235783
0.00182945
0.0040212
0.0162236
0.00254299
0.000508089
0.0137348
0.0449414
0.0112741
0.0153107
0.00200017
0.00569696
0.0112042
0.000977602
0.0335424
0.0103748
0.00313418
0.011013
0.0396234
0.0121201
0.00407316
0.082118
0.0410033
0.0249409
0.0191223
0.0114775
0.00661104
0.0195733
0.147519
0.0434304
0.0127886
0.0564892
0.0362015
0.00736408
0.0386832
0.306233
0.0161943
0.00758449
0.0018126
0.0010285
0.168916
0.0333824
0.00202942
0.0297633
0.000746192
0.0539415
0.0254067
0.0408138
0.023704
0.0271829
0.0535306
0.00172887
0.00404808
0.0104099
0.0229758
0.0585655
0.00496972
0.00545033
0.131118
0.00536933
0.0012312
0.0203514
0.0148052
0.0362727
0.0142149
0.0649024
0.0292916
0.00400002
0.00419602
0.00795125
0.027452
0.00909731
0.00221179
0.00660799
0.0295969
0.0486874
0.00237727
0.00525241
0.100781
0.0341269
0.00370597
0.018932
0.0116088
0.0201736
0.0358493
0.00161977
0.00573167
0.0025297
0.0294471
0.00305653
0.00163714
0.00171993
0.0049933
0.0204036
0.00132404
0.0302896
0.00621685
0.0273118
0.0289904
0.000572108
0.0112399
0.058445
0.00264128
0.00834213
0.00966922
0.00560304
0.00153441
0.00737217
0.0521286
0.0433244
0.0431825
0.00437201
0.00766379
0.0171381
0.036363
0.0117655
0.0195176
0.0129198
0.00954965
0.0599317
0.00636306
0.011398
0.0137428
0.0121888
0.0234224
0.0048109
0.0308833
0.0296842
0.00521657
0.00696988
0.0180091
0.00651018
0.00226754
0.00456351
0.0190421
0.0271606
0.0049415
0.0255516
0.0018933
0.0072007
0.0715959
0.0125665
0.0188078
0.0022896
0.00707231
0.000986044
0.00199853
0.00261815
0.00922454
0.000788308
0.0136362
0.0197633
0.0300563
0.0921225
0.00597291
0.00847738
0.0278991
0.000860304
0.0106256
0.0121229
0.0103276
0.0329683
0.0399902
0.000401402
0.00358611
0.00850784
0.0102698
0.000429206
0.0127602
0.00555219
0.00291333
0.0157311
0.138116
0.0026584
0.0391072
0.0221343
0.0188632
0.00409333
0.0377932
0.00621338
0.0589064
0.00419351
0.0456763
0.00790514
0.00206618
0.0347759
0.0575842
0.00825481
0.0412068
0.000779535
0.00154314
0.00548621
0.0180561
0.00367348
0.10732
0.0594323
0.0271857
0.0114811
0.00837157
0.045991
0.0090091
0.02135
0.0191308
0.00152341
0.0135309
0.0178141
0.0100753
0.00101727
0.0250739
0.00205793
0.00465971
0.00037482
0.0350323
0.0695446
0.00118309
0.00810596
0.00439038
0.00713288
0.00341612
0.00109088
0.0884196
0.038066
0.00333233
0.0295551
0.0261855
0.0647472
0.0333912
0.0435742
0.0304502
0.0294425
0.0419685
0.0345217
0.0140079
0.0248005
0.0092712
0.00829069
0.00558081
0.0522794
0.0103755
0.065471
0.00400909
0.00627137
0.0923528
0.0133106
0.00221549
0.0184715
0.0264046
0.0833358
0.0196628
0.0108426
0.0217304
0.0517692
0.0424689
0.00457212
0.0122673
0.0616627
0.00178035
0.000906823
0.00583751
0.0273656
0.00146253
0.0320428
0.00688044
0.000760909
0.027168
0.00594228
0.0258944
0.0253166
0.0220525
0.00069862
0.00371899
0.0230027
0.0043586
0.0704084
0.00811727
0.0106613
0.0104755
0.0204678
0.0298122
0.00995632
0.0200834
0.00134628
0.0286871
0.00980652
0.00293043
0.000930011
0.0261099
0.0344233
0.0219632
0.00289369
0.0317273
0.0379228
0.0225277
0.0539147
0.036772
0.0170693
0.00766147
0.00132939
0.0132114
0.0125432
0.0213446
0.000792266
0.00286144
0.000785902
0.00232348
0.0667573
0.0438658
0.00117551
0.00549516
0.0222794
0.035458
0.00781452
0.014028
0.0248437
0.0559842
0.0121509
0.0012614
0.0098746
0.0350576
0.0487811
0.00975679
0.016797
0.0294837
0.0320815
0.0287817
0.0130512
0.000839997
0.00387876
0.0173767
0.00330236
0.0155821
0.00442963
0.0529592
0.00117203
0.00332593
0.0256496
0.0149026
0.0116528
0.00147181
0.0121913
0.0062313
0.00433483
0.0223321
0.00047109
0.00996024
0.00544577
0.0328976
0.0348778
0.0023962
0.00973929
0.0441845
0.00807817
0.0228774
0.00294956
0.0172677
0.00711558
0.0123405
0.00254413
0.000721503
0.0148914
0.00100201
0.00137459
0.0230706
0.0122901
0.00645836
0.00318936
0.0149363
0.0172636
0.0146926
0.0197942
0.0838204
0.00731393
0.0114511
0.00124944
0.00505577
0.0313407
0.0250919
0.00110396
0.03935
0.00215493
0.00177557
0.0118541
0.00121087
0.00249109
0.00923926
0.00190225
0.067459
0.0146139
0.00402756
0.000606497
0.0244488
0.0092687
0.0351207
0.0247326
0.00152468
0.0137916
0.0227421
0.0837676
0.00292655
0.0107234
0.0925165
0.0541203
0.040257
0.00443185
0.00708617
0.00219987
0.0391759
0.0122221
0.00529245
0.00146574
0.0236035
0.0164282
0.0164941
0.00345129
0.00158853
0.00720586
0.0109767
0.0336621
0.012046
0.00407387
0.00640851
0.0436011
0.0165655
0.00235301
0.00647209
0.00582289
0.00909257
0.00824466
0.00304282
0.0390554
0.0341698
0.0082556
0.0066476
0.0090426
0.00153988
0.00188092
0.0245079
0.00908271
0.0202143
0.00671309
0.0138644
0.00309581
0.00253141
0.00806177
0.0111292
0.0314518
0.00155531
0.00829557
0.000907118
0.0180702
0.0678494
0.00492111
0.00449082
0.00117937
0.0465064
0.00947775
0.051938
0.0444793
0.00364207
0.00583568
0.0112885
0.125697
0.0136757
0.0228063
0.0122971
0.0450158
0.0018982
0.0152218
0.0400447
0.0424775
0.0705022
0.0230284
0.00995589
0.0435331
0.0134621
0.00292157
0.0642305
0.00836796
0.0192873
0.151311
0.00365581
0.0263919
0.0455335
0.0195317
0.00173631
0.00207767
0.0115052
0.00837631
0.0121577
0.00163136
0.000607602
0.00703043
0.0150828
0.00226885
0.0122338
0.0253274
0.00463146
0.00918769
0.0050056
0.0492601
0.0370053
0.0334104
0.0226251
0.00235181
0.00358294
0.00172213
0.00562019
0.00927834
0.0444405
0.0779527
0.000904816
0.00570348
0.067964
0.00215577
0.00624058
0.00293442
0.003538
0.00208265
0.0142003
0.0538377
0.0055629
0.0260049
0.00356219
0.0476236
0.00776369
0.0077347
0.0102878
0.012135
0.0248738
0.00620379
0.0177957
0.00150058
0.0083709
0.0137302
0.00789477
0.00288327
0.0169727
0.0229237
0.0020817
0.00542413
0.0328511
0.00377369
0.00114603
0.00116657
0.00620599
0.390577
0.0365285
0.00817304
0.0073378
0.00721987
0.0188242
0.019079
0.000545304
0.0152264
0.00856399
0.00164322
0.0398007
0.0226148
0.0261429
0.024132
0.0096793
0.0018423
0.0071057
0.0101876
0.0122834
0.00789568
0.00984371
0.0184109
0.0634136
0.0108439
0.00254922
0.0100536
0.00788127
0.00371339
0.0429165
0.00157318
0.0224897
0.0019658
0.0275382
0.0102932
0.15567
0.0294642
0.0125319
0.00607236
0.0216376
0.0321408
0.0202306
0.000999701
0.00162683
0.0330092
0.000949776
0.0151963
0.00241146
0.0149807
0.0413598
0.00718844
0.0200865
0.00436704
0.0494289
0.00682225
0.00110686
0.0564307
0.0287667
0.00275205
0.00514251
0.0166656
0.00881385
0.047659
0.00469857
0.111461
0.0167095
0.0149467
0.00373894
0.00195921
0.00595786
0.00379025
0.0385626
0.0109426
0.000953101
0.0585676
0.0567616
0.00185652
0.00101763
0.00345899
0.0224003
0.0127654
0.0195262
0.00733066
0.0568304
0.0650174
0.00330073
0.000454835
0.0248226
0.00718503
0.00075382
0.0324072
0.00328045
0.0115025
0.0286567
0.00799737
0.00155232
0.00197074
0.00124507
0.0129352
0.037641
0.00792946
0.00495701
0.0073196
0.00354797
0.0307873
0.0105162
0.00112796
0.00390859
0.00434831
0.00932813
0.000691622
0.00741254
0.0134792
0.00459958
0.0077132
0.000364014
0.0126122
0.0306518
0.0116685
0.00718856
0.0256914
0.0146027
0.00128604
0.00673282
0.0151632
0.0449117
0.0299654
0.00821636
0.0332409
0.0915951
0.0113296
0.0420101
0.031807
0.0136774
0.000602442
0.0093245
0.00334464
0.0128022
0.0142085
0.00466998
0.00735461
0.0335809
0.0217057
0.0160635
0.0136165
0.0210281
0.0256837
0.0210881
0.00665224
0.0161109
0.0143141
0.012647
0.026796
0.00347459
0.0465559
0.013925
0.0185655
0.0044419
0.0278488
0.0198648
0.00439593
0.000475014
0.00210882
0.0121965
0.0186367
0.0205715
0.00500775
0.00308616
0.0248381
0.0508329
0.00910053
0.0380291
0.021148
0.00315743
0.042539
0.0207147
0.0121459
0.0424024
0.0528821
0.0121658
0.00648174
0.0208206
0.039349
0.000988803
0.0622111
0.00425047
0.0647874
0.000965251
0.00856275
0.00596256
0.00345821
0.00358148
0.00170086
0.00135672
0.00179397
0.000834241
0.0389367
0.0526631
0.00377277
0.0182982
0.0362665
0.00148955
0.00974803
0.0139326
0.00329194
0.0025811
0.00227423
0.00228773
0.00903578
0.0408959
0.00366331
0.00242812
0.0158308
0.00230971
0.0360443
0.000571309
0.0113236
0.00735212
0.0098988
0.00605434
0.0363183
0.00124139
0.0769401
0.0132508
0.00444144
0.0443352
0.0026315
0.00313948
0.023506
0.0238761
0.00569061
0.00948794
0.0721395
0.0121111
0.0363699
0.0145789
0.0176993
0.00315523
0.0168616
0.0183207
0.00260608
0.00621689
0.0449613
0.0287844
0.025307
0.0306523
0.0038695
0.018131
0.0188924
0.00491904
0.0107567
0.0578721
0.00730767
0.0293775
0.0192666
0.0100704
0.0493528
0.0121267
0.0135615
0.0151181
0.00263288
0.00459232
0.00155024
0.138084
0.0300676
0.0446896
0.0343061
0.00751056
0.0105022
0.00456266
0.0233529
0.0143024
0.00188066
0.0358236
0.0364506
0.0298407
0.0190719
0.0160861
0.00351694
0.0131616
0.0029536
0.00139645
0.00177207
0.00302765
0.0585546
0.0214966
0.00321753
0.0280845
0.0042989
0.0133493
0.00541855
0.00120827
0.0028458
0.0109437
0.000995462
0.0477563
0.0038016
0.0439394
0.0137458
0.00822978
0.00397662
0.00251067
0.00804512
0.0174207
0.0340723
0.00105392
0.0242125
0.00126514
0.0173735
0.000758786
0.0417453
0.00520386
0.0223889
0.0047053
0.0183865
0.0114893
0.00669027
0.0099642
0.0515957
0.00471174
0.00565461
0.00331847
0.00642415
0.00300932
0.00116611
0.0020602
0.0306701
0.0094809
0.0183881
0.0027868
0.00235074
0.0705566
0.046626
0.0139599
0.0208874
0.0107171
0.0129673
0.00745836
0.033308
0.015563
0.017681
0.0290981
0.0176406
0.028759
0.00671959
0.00528433
0.0127663
0.00411054
0.0140907
0.00185171
0.113623
0.0905476
0.00828536
0.00868366
0.00420639
0.00454399
0.0043352
0.0336355
0.0260473
0.0060888
0.0120035
0.0119268
0.00366221
0.00338324
0.0127615
0.00139221
0.00800553
0.00451301
0.0353293
0.00762574
0.0316605
0.00199106
0.0148763
0.001907
0.00429964
0.0995426
0.0307474
0.00462887
0.0392748
0.020143
0.00119423
0.00848429
0.00173485
0.0071851
0.0235327
0.026336
0.0495735
0.000388243
0.115123
0.0115825
0.0404774
0.00194471
0.00934173
0.0836737
0.0055684
0.00216615
0.00625016
0.00838779
0.0118417
0.0291126
0.00929861
0.00937349
0.0183011
0.0303184
0.0206434
0.00415921
0.0227596
0.0153525
0.00738888
0.00767064
0.00526154
0.0102367
0.0407354
0.00337742
0.0406579
0.0397328
0.0067171
0.00323775
0.0107679
0.00414828
0.00236955
0.00148485
0.00534026
0.00506934
0.00267676
0.00445861
0.0017761
0.00733772
0.0266801
0.0174538
0.0163951
0.0144825
0.0111155
0.0125294
0.000330446
0.00768887
0.00348629
0.00843241
0.0217675
0.028989
0.00670744
0.00407468
0.00866123
0.0442511
0.0155678
0.00659968
0.0134912
0.0452991
0.00141074
0.00105667
0.0018912
0.0312262
0.0485397
0.0273673
0.000990399
0.00179277
0.0139165
0.00894388
0.0468237
0.00589099
0.0348106
0.0915674
0.0022061
0.00941805
0.0701458
0.0145248
0.0203306
0.136563
0.101973
0.0198268
0.0301509
0.00073744
0.00223385
0.03055
0.0320116
0.0020655
0.00451613
0.00682721
0.0297225
0.00493151
0.00327968
0.0248786
0.00542449
0.00787358
0.0386907
0.026325
0.00815574
0.030798
0.0195201
0.0144664
0.0188789
0.00153964
0.0114762
0.00961422
0.0270381
0.120355
0.0113121
0.00906779
0.0398913
0.0162336
0.0587135
0.0294252
0.00103149
0.00544703
0.0111549
0.0127761
0.0825496
0.000354284
0.0426973
0.0692338
0.00629287
0.0104175
0.00277039
0.00447158
0.0109478
0.00793969
0.0230063
0.0305619
0.00684108
0.0106292
0.00503704
0.0193637
0.100018
0.0252187
0.0043102
0.0583702
0.0220465
0.0934971
0.0136297
0.00489529
0.00188226
0.0117166
0.00666537
0.0092908
0.00132393
0.0123689
0.011371
0.0122805
0.0021897
0.0306397
0.0121904
0.0777266
0.0104735
0.00275403
0.0115253
0.0317446
0.0372799
0.0160143
0.00987302
0.00671502
0.0296963
0.0183409
0.071896
0.00493658
0.00348828
0.00855726
0.00107939
0.00585734
0.0255548
0.00336367
0.0183228
0.0601635
0.00648647
0.0028103
0.0074903
0.00735116
0.0284308
0.0103192
0.0249908
0.00918008
0.00183182
0.0162946
0.0022667
0.0284126
0.0146966
0.0117324
0.0646735
0.0349429
0.00095368
0.0191891
0.0553162
0.00344631
0.0129884
0.0101105
0.00666468
0.0231222
0.0642808
0.0256883
0.00962867
0.0111005
0.0155194
0.00170774
0.0227085
0.0649019
0.00238934
0.00126184
0.00305319
0.0154847
0.0124471
0.00603933
0.00300633
0.000981907
0.00952673
0.0573657
0.0256694
0.0203998
0.0099422
0.00967767
0.0439334
0.0147969
0.00427049
0.00651384
0.0376932
0.000422069
0.00292538
0.0034854
0.00105429
0.0176036
0.0420289
0.013537
0.0209321
0.021929
0.00365521
0.000647839
0.00535107
0.0011499
0.0144271
0.00686879
0.00636834
0.023507
0.00763021
0.0242666
0.123112
0.0113854
0.0411851
0.0429865
0.00385895
0.0757936
0.0424027
0.00320519
0.00380298
0.00674344
0.00913025
0.0207014
0.0547912
0.027664
0.00104541
0.016964
0.00848907
0.0382673
0.00861659
0.0117012
0.0155992
0.00657207
0.00264383
0.0563082
0.00670695
0.00299482
0.00116589
0.00127048
0.0216031
0.00275765
0.00529807
0.0173416
0.00480591
0.000627276
0.00177434
0.00337773
0.00722688
0.0153262
0.00674253
0.0100619
0.0516873
0.000346937
0.00719781
0.0259802
0.00297088
0.0214302
0.0417683
0.0220198
0.00490728
0.0415238
0.0019763
0.00709332
0.0348274
0.000983559
0.0211787
0.00200624
0.00447099
0.0290151
0.00267697
0.00435475
0.0217213
0.000491741
0.00444291
0.0220328
0.000394495
0.000502005
0.0134372
0.0289882
0.00929296
0.00777049
0.000419327
0.00551648
0.0281979
0.00543932
0.0109719
0.0114248
0.00108572
0.00370643
0.00342945
0.00169722
0.0222902
0.00166636
0.00141255
0.00948476
0.0173416
0.00495766
0.0361062
0.00735924
0.00696859
0.0214379
0.00302209
0.15359
0.0408105
0.00276822
0.063587
0.018388
0.0120391
0.00111362
0.0119276
0.00160853
0.0126514
0.0553521
0.052899
0.00194547
0.000651551
0.00855534
0.0141879
0.00101324
0.000672053
0.00613222
0.0195771
0.00111567
0.00966963
0.0566961
0.00813679
0.0124603
0.043763
0.0139362
0.00447032
0.0229506
0.00180551
0.0286873
0.00123562
0.00717618
0.032075
0.00418677
0.0150903
0.0410446
0.0318143
0.0139873
0.0103852
0.0154122
0.0192955
0.0112636
0.0292494
0.00554331
0.00445238
0.0114067
0.0132181
0.00607998
0.0056473
0.042629
0.00815728
0.0129855
0.00175051
0.00557711
0.00945784
0.042168
0.0596062
0.0243811
0.000801123
0.00185966
0.0132853
0.00902462
0.00921137
0.0225047
0.0703662
0.0137997
0.00148966
0.0265258
0.0002596
0.017346
0.0140392
0.0047244
0.00989154
0.00789868
0.113626
0.00898546
0.0395473
0.0132906
0.0303635
0.0625927
0.0136924
0.0098558
0.0344702
0.0080312
0.00171936
0.00237713
0.00526528
0.0263551
0.00740011
0.0701567
0.00934196
0.020403
0.0458419
0.00186655
0.0186136
0.00611001
0.000552642
0.000325069
0.0365125
0.0232628
0.00908967
0.0456749
0.00220833
0.00745554
0.00579571
0.00380632
0.000218806
0.0092364
0.058075
0.00773096
0.00118111
0.0231319
0.110277
0.0300109
0.00169526
0.00355848
0.00519123
0.03492
0.00754566
0.0128606
0.038078
0.00647362
0.00680168
0.023772
0.00476119
0.00272865
0.0408102
0.00259399
0.0391671
0.00469168
0.00636451
0.0135248
0.011432
0.0229824
0.000161496
0.0049518
0.0144215
0.00567064
0.0101289
0.00340977
0.0918291
0.00102935
0.00457242
0.00394879
0.0328715
0.0502445
0.0202848
0.0201314
0.00179568
0.109172
0.0237589
0.0203503
0.0125876
0.0238529
0.0123508
0.00481614
0.00581399
0.00883125
0.0880683
0.000598091
0.0109387
0.0437613
0.00539485
0.0141879
0.00401918
0.0150703
0.00838548
0.0184664
0.00336091
0.0158729
0.00301273
0.00796918
0.0278994
0.00337314
0.0475079
0.0199064
0.00165964
0.0079951
0.00308291
0.00687585
0.0324461
0.000808943
0.0482808
0.00156887
0.0174776
0.000717211
0.0139004
0.00240413
0.00273396
0.00656142
0.0229781
0.0365612
0.0195573
0.0190362
0.0018699
0.0031251
0.0105675
0.020828
0.00441156
0.10344
0.0675322
0.0231
0.0104771
0.000209205
0.00760179
0.0119716
0.0406522
0.00696556
0.00430813
0.0124409
0.0175767
0.0450816
0.00618472
0.00729175
0.00762971
0.0016036
0.0276406
0.0114969
0.0133505
0.00431699
0.0122875
0.00318625
0.0694169
0.0437944
0.0155722
0.00064788
0.016542
0.0273695
0.0110051
0.00270319
0.0114107
0.00468677
0.0254983
0.00313993
0.026351
0.00249416
0.00729407
0.00851018
0.0624414
0.0145296
0.0162561
0.00387319
0.0493867
0.000471712
0.00282419
0.0313568
0.0313513
0.0046004
0.0316449
0.014097
0.00711872
0.00314787
0.00777359
0.00118649
0.000485201
0.00746155
0.0457649
0.00352059
0.0322863
0.0490506
0.00178765
0.0383412
0.0188577
0.00948698
0.109235
0.039873
0.00097639
0.0113618
0.0108336
0.00650435
0.000772235
0.0242635
0.000891182
0.0186258
0.0249728
0.00175802
0.0208554
0.000538861
0.00842721
0.0239108
0.00654662
0.00251295
0.0170517
0.00528059
0.00465085
0.0066524
0.000175226
0.0181249
0.0239178
0.0593031
0.0206738
0.00467104
0.00251882
0.00665681
0.00357699
0.0190176
0.0592998
0.00147181
0.00151256
0.00450661
0.00991877
0.0196652
0.0213783
0.07908
0.0259299
0.00910997
0.0125706
0.0557654
0.00801709
0.0874255
0.00458123
0.0149416
0.00265616
0.0495178
0.041227
0.00601064
0.0128256
0.00515838
0.0295423
0.00124826
0.00206626
0.0026948
0.0323404
0.00668955
0.00391592
0.00303215
0.000829917
0.00120692
0.00701006
0.00559822
0.000825668
0.000836553
0.0053546
0.0103823
0.0235174
0.0018225
0.042579
0.0108208
0.00223882
0.00349374
0.00387776
0.0452387
0.0235314
0.00324018
0.0244356
0.0123022
0.0244288
0.0327502
0.0365004
0.0118857
0.00802788
0.00129143
0.032309
0.000575601
0.0655693
0.0120317
0.00280047
0.0356737
0.012365
0.0038406
0.0132408
0.0116501
0.00299239
0.0702176
0.00216935
0.0165901
0.00154897
0.0303883
0.00461713
0.0264143
0.0149885
0.00209937
0.0794031
0.00365706
0.0305051
0.0464514
0.0115298
0.0419113
0.016672
0.0185396
0.00307997
0.0105938
0.0531616
0.016832
0.00758846
0.0170786
0.0191095
0.0100265
0.00289172
0.00219363
0.00550326
0.0412112
0.0100692
0.0302054
0.00982156
0.0120417
0.00647252
0.0399202
0.018432
0.00229745
0.00581356
0.0260142
0.00704713
0.0169818
0.014759
0.00313999
0.00915898
0.0120117
0.00122149
0.00457093
0.0229875
0.0161715
0.00308138
0.0110041
0.00250427
0.055153
0.00587919
0.0143984
0.00301257
0.00188925
0.000801479
0.0464917
0.0066567
0.00326611
0.0162131
0.0708757
0.00149288
0.000825932
0.000659887
0.0217314
0.0284416
0.0165623
0.00836481
0.0173325
0.0116673
0.00202074
0.00165257
0.000842897
0.0623896
0.0185148
0.0386025
0.00209418
0.00696574
0.00847326
0.0173282
0.00181663
0.0422221
0.00231965
0.00866607
0.0268452
0.0213379
0.00142437
0.00850955
0.00370463
0.000508032
0.00997331
0.0388969
0.0313555
0.000729748
0.0144367
0.0139775
0.00691391
0.00756356
0.00320517
0.00702854
0.000977706
0.00159208
0.0177738
0.0424172
0.00276506
0.00187973
0.00261008
0.00258018
0.00206555
0.0211557
0.0179519
0.0256933
0.00551223
0.00196438
0.00219424
0.0291206
0.00973508
0.00272223
0.00499385
0.000831276
0.00730837
0.00112325
0.0682563
0.00698984
0.00601468
0.00917286
0.0175954
0.0476488
0.0130616
0.0383439
0.00758135
0.0118112
0.00917001
0.00157161
0.0227761
0.016664
0.000801254
0.00115395
0.00806757
0.0318437
0.0250373
0.00757132
0.00702406
0.00193711
0.00687657
0.00361978
0.00353123
0.00671045
0.00206606
0.0207666
0.00254693
0.00409664
0.000769492
0.0406714
0.00912026
0.0218213
0.0460617
0.000878569
0.0419723
0.0121054
0.0530137
0.00162186
0.00737264
0.00027934
0.0156569
0.0113301
0.00468906
0.0199452
0.00053104
0.00165265
0.00671414
0.00224581
0.00976161
0.00936343
0.00164449
0.0265708
0.00265551
0.00671539
0.00879346
0.049554
0.00992067
0.000765086
0.000383241
0.0173653
0.021441
0.0182944
0.00217685
0.0393168
0.0226421
0.035512
0.0047395
0.0317898
0.00165206
0.0051
0.0137171
0.00633342
0.00771417
0.00174285
0.00488944
0.000380972
0.0195979
0.0775448
0.00307907
0.00949399
0.00197282
0.000721612
0.000249113
0.00687416
0.00114752
0.0213833
0.00106473
0.0383593
0.0849586
0.0245154
0.0186439
0.0292955
0.0250785
0.0100901
0.000868984
0.0340292
0.00793118
0.00190141
0.0238625
0.00930264
0.00886671
0.00145101
0.00498448
0.00641845
0.00550363
0.000869113
0.0476339
0.0148447
0.0131284
0.00948918
0.00255487
0.0259708
0.00732429
0.030919
0.000774448
0.00350102
0.00409245
0.0304035
0.0105085
0.0605868
0.0236792
0.0157698
0.00791273
0.020633
0.0157426
0.000773388
0.0142798
0.00087634
0.025215
0.00225896
0.0218329
0.0408246
0.0018911
0.000579949
0.0233859
0.0276489
0.0157442
0.0373561
0.00214227
0.0165184
0.020862
0.00316788
0.000358752
0.00148294
0.0153119
0.00414523
0.017722
0.00556901
0.012339
0.00660682
0.0120601
0.000889915
0.00320001
0.0126078
0.0774323
0.000773729
0.0139254
0.00251967
0.00202945
0.00446728
0.101999
0.0150284
0.0393875
0.00367267
0.00470176
0.00286163
0.00308973
0.00293413
0.0233585
0.000732775
0.00590761
0.00129587
0.00250189
0.0502454
0.00563788
0.00267826
0.00577325
0.00881579
0.00880087
0.0213726
0.00865878
0.00509061
0.0556079
0.00547219
0.0124545
0.0586247
0.0044359
0.000595688
0.00422665
0.000644239
0.000413715
0.0476301
0.011521
0.000755097
0.00966251
0.0326309
0.00610828
0.0136719
0.0100236
0.0102329
0.00252398
0.195162
0.00129905
0.0856971
0.00267962
0.0127132
0.0140331
0.00310957
0.0414029
0.0163901
0.00826165
0.0371065
0.051429
0.00905668
0.0240765
0.00135263
0.000670919
0.000846965
0.00202505
0.00893729
0.00460617
0.00975583
0.017003
0.000540609
0.00851836
0.00200925
0.0228295
0.00726208
0.0118366
0.00135257
0.0120449
0.0122625
0.0058736
0.00758916
0.100315
0.0182077
0.0025713
0.0339487
0.00427118
0.000345843
0.0273012
0.000882989
0.00352023
0.00726554
0.0050762
0.000103552
0.0114463
0.00202648
0.00419551
0.0175305
0.00273093
0.0583557
0.0212851
0.000898172
0.00533262
0.0107297
0.0154931
0.000281653
0.00508256
0.0135396
0.00560123
0.0279827
0.0131502
0.0119482
0.00236943
0.00665306
0.0150783
0.00179237
0.0108408
0.00929665
0.00519991
0.00523715
0.0148644
0.0188892
0.00181057
0.00206906
0.0181141
0.000930161
0.0117492
0.0126811
0.000779628
0.00358016
0.000748559
0.00345622
0.00592267
0.00567351
0.000245196
0.0152614
0.000540764
0.00273428
0.0132972
0.0117445
0.0005668
0.00729086
0.00948039
0.00319469
0.0289955
0.000557922
0.0869286
0.00145283
0.000447624
0.0430823
0.0147876
0.00907123
0.0143503
0.00382048
0.00175087
0.00411665
0.000840292
0.0177292
0.113162
0.0155705
0.00844037
0.0146314
0.000672422
0.0124062
0.00918808
0.00566277
0.0204146
0.00333103
0.0304529
0.0110429
0.00140307
0.00658826
0.00420491
0.0199982
0.000964938
0.00951168
0.00532873
0.00877077
0.00990249
0.0168291
0.0709658
0.0245122
0.0052023
0.000645473
0.00312502
0.00742714
0.0042022
0.00896507
0.0132217
0.00289445
0.000840287
0.0010173
0.026439
0.00159269
0.00408375
0.0101339
0.00110556
0.00312261
0.00839688
0.000221507
0.000674658
0.0201884
0.00664182
0.028905
0.00253502
0.00606939
0.00691353
0.0233412
0.00099301
0.000756548
0.00248902
0.00473383
0.0426113
0.0340209
0.0138421
0.00460355
0.0113644
0.0166895
0.0311697
0.000358105
0.00135127
0.0581391
0.0310471
0.0874218
0.00143206
0.00783285
0.0135994
0.000747155
0.0199587
0.000644451
0.0554963
0.00256324
0.0112859
0.0179207
0.00286992
0.00886282
0.0130206
0.000219528
0.0089611
0.00773678
0.00987397
0.00528119
0.0253062
0.030385
0.00409118
0.0292376
0.00615551
0.00288165
0.0492852
0.000392024
0.00132655
0.00153827
0.0189176
0.00997597
0.0244212
0.00110436
0.0184138
0.000370139
0.00404251
0.072747
0.00273964
0.000675751
0.000963379
0.0199885
0.00392105
0.067367
0.00252983
0.0356444
0.0469226
0.0163663
0.00180417
0.014095
0.0258188
0.00276798
0.0012451
0.000934566
0.00713625
0.0292413
0.0125434
0.00885173
0.00460423
0.00717993
0.00967802
0.00335248
0.0389109
0.00790364
0.000635032
0.00719507
0.0309184
0.000969338
0.0011653
0.00291275
0.0133856
0.0219957
0.0381912
0.0035275
0.00058255
0.00512384
0.000623033
0.00740335
0.0545407
0.00170036
0.00998693
0.0284674
0.0674995
0.0404391
0.000492389
0.00228492
0.0225078
0.0119063
0.00633674
0.000225968
0.00519792
0.004094
0.00144888
0.00656865
0.00429579
0.014348
0.0166402
0.0202481
0.00404802
0.0152856
0.0145992
0.0102858
0.000866761
0.0085076
0.00562343
0.0178452
0.010792
0.000786741
0.0342911
0.00352202
0.0157173
0.00767056
0.00311437
0.0395973
0.00143052
0.000803818
0.0308712
0.00995326
0.00731614
0.0475693
0.00275352
0.00175015
0.00640479
0.0011408
0.00973353
0.0167316
0.00583639
0.00149501
0.0260648
0.000973467
0.00237612
0.0127818
0.0210734
0.00280526
0.000979463
0.00928588
0.00084855
0.001648
0.044002
0.00556265
0.00577387
0.00809567
0.00648176
0.00126627
0.000978401
0.00076115
0.01977
0.000260474
0.0028162
0.00102338
0.012299
0.00262895
0.0302359
0.000310292
0.000152828
0.010818
0.00706776
0.00434356
0.0207905
0.00414185
0.00849704
0.0123881
0.0217999
0.0280068
0.00436494
0.00887334
0.000220039
0.00131312
0.00225137
0.000527894
0.00292574
0.00385758
0.0193956
0.0136418
0.00126648
0.000651022
0.0872699
0.0129561
0.00652188
0.0128945
0.0138387
0.00510493
0.00308025
0.00110111
0.00123726
0.00118536
0.0112971
0.00493297
0.0534629
0.00191409
0.00936615
0.0317787
0.0134637
0.00366521
0.00105119
0.00856642
0.00949284
0.0245166
0.000437711
0.0238063
0.0196941
0.00717912
0.012217
0.0152846
0.0027751
0.000333271
0.000798046
0.105943
0.00115416
0.00767227
0.000706419
0.0375162
0.0336277
0.000608392
0.0108349
0.00448573
0.0594586
0.0874618
0.00892763
0.00945487
0.001313
0.0100667
0.00108084
0.0066117
0.000555781
0.0142627
0.002966
0.000684062
0.0320524
0.00622378
0.0145139
0.00297952
0.0139505
0.00225839
0.02008
0.00148864
0.0034171
0.00127893
0.00335982
0.0171388
0.0424657
0.0026897
0.00566046
0.00353623
0.0251145
0.00994959
0.00129678
0.00430668
0.0136663
0.00507123
0.00277415
0.0272752
0.00284034
0.0114318
0.0070279
0.00389559
0.0236507
0.0224648
0.000377466
0.0213385
0.00378928
0.0087156
0.00116076
0.000431812
0.00578969
0.00659291
0.0065062
0.00129255
0.026255
0.000694101
0.017064
0.000623981
0.004742
0.000705785
0.00562935
0.00317791
0.0316894
0.0172375
0.0124689
0.0838094
0.0113506
0.0319363
0.000967768
0.0214844
0.00498469
0.00412356
0.00237134
0.0223937
0.000870631
0.0161425
0.0358443
0.00679469
0.00276581
0.00814981
0.0743358
0.0194028
0.00147499
0.00267103
0.0383731
0.00927447
0.0128809
0.0013437
0.00125106
0.00231217
0.00153072
0.00369829
0.0404081
0.011179
0.000645966
0.00187925
0.000798894
0.00638683
0.0014116
0.0053996
0.012436
0.00134155
0.0322841
0.00372539
0.0140483
0.0135057
0.0450585
0.00836201
0.00365967
0.00145116
0.00881007
0.00767724
0.0253632
0.0145923
0.000680019
0.0386527
0.00286128
0.0111901
0.00368994
0.00949459
0.00595987
0.00407062
0.0028763
0.00243459
0.00842242
0.0176299
0.0284332
0.0199994
0.0379296
0.000774319
0.0125506
0.0113296
0.0608765
0.0228905
0.00142101
0.00662563
0.0156251
0.00162806
0.00575546
0.0259521
0.00326698
0.000588106
0.0294675
0.0065297
0.00536168
0.018725
0.00596854
0.00246432
0.000333695
0.00329347
0.0109868
0.00149562
0.00233842
0.0142527
0.0318936
0.00618331
0.00306736
0.0111116
0.0159251
0.0207258
0.0958958
0.0251878
0.00147869
0.00333046
0.00399858
0.00518499
0.0142054
0.00327073
0.00891451
0.00508029
0.00347425
0.00365407
0.0103042
0.00378691
0.0141078
0.00140579
0.00956519
0.0026283
0.00598297
0.029964
0.0223863
0.0162016
0.0119695
0.00109239
0.019677
0.00256476
0.00913281
0.000555145
0.00202984
0.00036551
0.00569261
0.006822
0.00124956
0.00173242
0.00140244
0.0128152
0.0360878
0.0341502
0.00455665
0.00153929
0.000549596
0.027763
0.00236614
0.031505
0.0255709
0.00694142
0.00936132
0.0244187
0.0154287
0.00180539
0.024757
0.000374249
0.0112465
0.000573597
0.00286865
0.0185449
0.00418498
0.00800093
0.00813585
0.000381873
0.000319056
0.00925584
0.000359159
0.00517431
0.00277834
0.00414756
0.0244909
0.0384277
0.00624608
0.0114217
0.00272729
0.0131568
0.000461922
0.0101824
0.00371149
0.00984404
0.0213756
0.0170153
0.0111028
0.00254611
0.000547362
0.0123394
0.000383922
0.0589931
0.00263723
0.0169126
0.0166673
0.000574177
0.00100611
0.00228883
0.0116251
0.0042604
0.00742836
0.0369011
0.0047221
0.0429372
0.00172477
0.00888806
0.00203052
0.00439371
0.00440379
0.00520223
0.0153637
0.00322095
0.0357578
0.000420973
0.0133157
0.00227044
0.00305394
0.0018943
0.00365671
0.00372205
0.00442966
0.0144993
0.0162793
0.00513413
0.00277163
0.0105676
0.00683134
0.00431422
0.0229728
0.0126736
0.00213701
0.0118175
0.00232175
0.000190977
0.0061792
0.0119468
0.0064904
0.00103558
0.00310893
0.0476471
0.0090818
0.00206401
0.00305189
0.0333008
0.0270643
0.00306241
0.00661658
0.00591895
0.00614301
0.0110113
0.00704284
0.0112192
0.00339609
0.058923
0.00508398
0.039719
0.00880492
0.0505918
0.0021891
0.0170417
0.0150719
0.0383519
0.011775
0.00150415
0.000667447
0.0316357
0.00261755
0.00985467
0.00143281
0.00536941
0.00758127
0.00297112
0.000649322
0.00139941
0.088082
0.0109451
0.00444627
0.00579251
0.0451771
0.0434045
0.000587609
0.00441545
0.0013349
0.0150425
0.000518646
0.00883279
0.00737506
0.00700343
0.0774294
0.0154021
0.00265483
0.000887782
0.00104779
0.0183564
0.026468
0.00270163
0.000436081
0.00112521
0.00110538
0.00681383
0.0696323
0.0503841
0.0143809
0.000876681
0.00404523
0.00263715
0.0385948
0.0410432
0.000790051
0.00639909
0.00347568
0.00269264
0.0149764
0.000392729
0.0274601
0.0348461
0.00212575
0.0409538
0.000946316
0.000423343
0.00510243
0.0141992
0.0498455
0.00183635
0.014602
0.00384197
0.0107994
0.00664086
0.00520197
0.00511481
0.0294059
0.00121764
0.00986881
0.00195075
0.00831644
0.00594428
0.00298162
0.00710884
0.000405512
0.00475966
0.0106361
0.00443486
0.0011958
0.00460107
0.00371628
0.0153541
0.0053065
0.00650298
0.00119149
0.0283259
0.0116463
0.00816714
0.0022461
0.000832289
0.0144225
0.0197927
0.00734302
0.000609669
0.0109452
0.00453382
0.0035344
0.00500532
0.022836
0.00114883
0.00215574
0.00173389
0.00333292
0.0137947
0.00803039
0.0195136
0.00432722
0.00723461
0.00602797
0.0108149
0.000560908
0.00729504
0.00601604
0.000238992
0.00456899
0.0150206
0.00942116
0.00031259
0.00941086
0.013664
0.0166284
0.00462552
0.0105517
0.0107971
0.00082176
0.00596836
0.0195184
0.0174954
0.00805449
0.00771165
0.0139436
0.0302925
0.00198881
0.0149036
0.00839568
0.00650704
0.00416503
0.00619004
0.0104901
0.0068427
0.00556315
0.0252789
0.00151145
0.0152554
0.0200581
0.00335689
0.0100978
0.00160708
0.00406288
0.00294349
0.00730181
0.000690476
0.00560031
0.010903
0.0165179
0.0200165
0.00171385
0.00039036
0.00225446
0.0100139
0.00210812
0.00406972
0.0306718
0.00975771
0.000819344
0.0262072
0.000424708
0.0109435
0.0152172
0.01446
0.00160928
0.00530481
0.028999
0.00426127
0.00230186
0.00529854
0.00641485
0.0114689
0.00458492
0.00222876
0.0158696
0.00210954
0.0230544
0.00125034
0.00412741
0.000369953
0.000310523
0.00126075
0.0125662
0.0295544
0.00061407
0.0057789
0.00255152
0.00354704
0.00292265
0.0135408
0.00281694
0.00352978
0.00114157
0.0132426
0.00224442
0.0467569
0.00568956
0.00436594
0.0652758
0.00783511
0.0035252
0.00978188
0.000684919
0.00839565
0.0147763
0.00585291
0.0117272
0.00782596
0.00615238
0.00845448
0.00227581
0.00117682
0.00979903
0.00361657
0.000865893
0.0506931
0.00994394
0.0142504
0.00388568
0.0117509
0.0300516
0.00303892
0.00878238
0.00150278
0.0535267
0.00840296
0.0396523
0.000820373
0.000681479
0.00326442
0.0102114
0.0126103
0.000387064
0.000227475
0.00819634
0.0159573
0.0804824
0.0105146
0.074045
0.00825894
0.0357526
0.0223027
0.0194707
0.00139468
0.0162093
0.00935151
0.00899928
0.000991049
0.0157391
0.0170669
0.025318
0.00504153
0.00656801
0.03651
0.00396608
0.0150261
0.0173621
0.0013712
0.00136897
0.0150631
0.00308802
0.0153017
0.00743585
0.0216719
0.00137275
0.018597
0.000457124
0.00106673
0.00819428
0.000556371
0.000418643
0.0158928
0.00995354
0.0305123
0.0139227
0.00118213
0.00266559
0.00192936
0.0010593
0.00294681
0.00812969
0.00858741
0.000810536
0.00100846
0.00161115
0.00700036
0.00687625
0.000856233
0.00559217
0.0128152
0.00478661
0.0136746
0.00409361
0.000810724
0.0114386
0.00223296
0.011243
0.0316815
0.0334936
0.00598275
0.000919388
0.0247003
0.0100658
0.117854
0.0257043
0.00139363
0.00479783
0.0139406
0.0472384
0.00346147
0.00147616
0.00449863
0.00148348
0.000312664
0.0283562
0.0216011
0.00379356
0.00178157
0.000354887
0.00277734
0.00150673
0.00496211
0.0141486
0.00522714
0.0423929
0.0276209
0.0245623
0.00472586
0.0132396
0.0434776
0.00362165
0.0064336
0.00416838
0.0108544
0.0492922
0.00161249
0.00201994
0.0194872
0.026526
0.00120911
0.0309989
0.00137185
0.00143048
0.00246674
0.0120741
0.000442156
0.00414638
0.0270885
0.0084928
0.0236266
0.0163655
0.0363419
0.00372409
0.00271819
0.0219014
0.000230994
0.00551058
0.0120729
0.00724434
0.0168088
0.00295446
0.00245658
0.0349776
0.07319
0.00352963
0.00209082
0.00179694
0.00326508
0.00492034
0.000940777
0.000938293
0.00550627
0.00302118
0.0464875
0.00650163
0.0141275
0.00416127
0.000712121
0.00911318
0.00261532
0.00382552
0.0273642
0.000252453
0.051521
0.0235983
0.00479018
0.01968
0.00527856
0.000732957
0.0105458
0.00534925
0.0056653
0.00128519
0.0238423
0.0282183
0.020136
0.00899774
0.0141728
0.0345231
0.00122191
0.0100766
0.0118866
0.000612099
0.000885304
0.0140718
0.0012362
0.00294364
0.0104507
0.001851
0.0102761
0.00629213
0.00723422
0.0886047
0.000409892
0.0794134
0.0028113
0.034412
0.00028551
0.0126181
0.00776067
0.00305336
0.016163
0.000924199
0.00162436
0.00147861
0.00206198
0.0156732
0.00569728
0.00226504
0.0181241
0.000207393
0.0277766
0.021969
0.0691157
0.0108062
0.00536531
0.0120794
0.0119922
0.00490567
0.0121502
0.00900818
0.00561101
0.00597027
0.000194478
0.000912633
0.0105611
0.00839824
0.00703172
0.00566928
0.000913701
0.0205891
0.00383302
0.0159039
0.00545875
0.00967099
0.000246991
0.00390432
0.00418344
0.00178944
0.0141824
0.0186466
0.00374838
0.009488
0.00243525
0.0108928
0.00770133
0.0146531
0.0330746
0.014689
0.0037321
0.00246677
0.00233196
0.00951803
0.00812253
0.00172102
0.00370586
0.00155772
0.0173149
0.00203032
0.00994925
0.00670284
0.0151694
0.00511782
0.0235768
0.00304002
0.00227861
0.037818
0.0263519
0.0114169
0.018058
0.000468851
0.000390867
0.00189237
0.00156973
0.0126541
0.00154016
0.00135187
0.00313512
0.018334
0.000580537
0.00531945
0.01255
0.00819903
0.0815349
0.00528455
0.00447063
0.163005
0.00344916
0.000634764
0.0020839
0.0269668
0.0149623
0.0225063
0.00895376
0.00368524
0.0017922
0.0014285
0.0074156
0.00156053
0.00069499
0.000239889
0.0395857
0.0197414
0.000813974
0.000912306
0.0256948
0.0257194
0.00943784
0.00272449
0.00773461
0.00112017
0.013343
0.000945555
0.00120112
0.000715522
0.00234028
0.00241513
0.00202862
0.00703881
0.00234329
0.00087722
0.0101854
0.000358182
0.023982
0.000826149
0.00215319
0.00413554
0.003784
0.0106814
0.00318386
0.0854769
0.0125478
0.00149731
0.00900071
0.00116689
0.00154745
0.000892254
0.00563849
0.00331511
0.00804433
0.00790496
0.0031254
0.00407739
0.00322808
0.0120899
0.00271657
0.0041432
0.00529828
0.020967
0.030248
0.00392564
0.0130807
0.0032644
0.00487359
0.0135091
0.00446108
0.00406277
0.00563714
0.00840225
0.00494787
0.0109021
0.0111625
0.000758964
0.00148736
0.0160532
0.0209175
0.0382444
0.0199191
0.00286109
0.00789327
0.00078519
0.00514892
0.00419431
0.0128706
0.00325102
0.027321
0.0121087
0.00719404
0.000643656
0.00790344
0.0229259
0.0451558
0.0126345
0.0161037
0.00462719
0.000945552
0.00629105
0.0066408
0.00221774
0.000480958
0.00111679
0.00779447
0.00204936
0.00341026
0.00961256
0.00143197
0.000421533
0.000559299
0.0179383
0.000804266
0.00402735
0.00126944
0.00694548
0.00232475
0.00232418
0.00268049
0.000548691
0.000666999
0.0176022
0.0140352
0.00513584
0.00568133
0.0278412
0.0208239
0.0465368
0.0110383
0.0375021
0.0165603
0.00309865
0.0195214
0.00529518
0.00759618
0.00946011
0.00423737
0.0056789
0.00156698
0.0171497
0.00354598
0.0176713
0.0108548
0.0051222
0.00788391
0.0220602
0.000937105
0.00528669
0.00268962
0.00328747
0.000865054
0.053105
0.00116049
0.000857121
0.00601745
0.00251749
0.00136123
0.00371517
0.0479192
0.00417977
0.0248055
0.00201566
0.00691261
0.00146656
0.0138177
0.0205575
0.00151509
0.0118291
0.00882593
0.00141344
0.00167962
0.00116166
0.0032931
0.0819514
0.0342606
0.00743919
0.000221689
0.00157508
0.019137
0.0194897
0.000473157
0.00745723
0.00283855
0.0509421
0.00790955
0.00514739
0.00165497
0.0456763
0.00102786
0.000648225
0.00359985
0.00290218
0.00667022
0.0458727
0.00895605
0.0410902
0.00917131
0.00869999
0.0175849
0.00360157
0.00249484
0.00181782
0.0125762
0.0021834
0.00425734
0.0130444
0.0273123
0.0375107
0.00100587
0.0035453
0.0322219
0.00221811
0.00839203
0.00869489
0.00294177
0.000378713
0.022522
0.0135482
0.0125656
0.00203023
0.00233419
0.00175801
0.00716684
0.000453081
0.0186176
0.00159441
0.010141
0.0178727
0.00227429
0.00865002
0.00647556
0.0045964
0.0186813
0.0194833
0.0149527
0.00771755
0.0133374
0.0067873
0.0050722
0.00572053
0.00906038
0.0296561
0.00778393
0.000702231
0.0269491
0.00647714
0.0121464
0.00783855
0.00520394
0.000855412
0.0127904
0.000813098
0.00250508
0.00881351
0.00233691
0.0195587
0.00210442
0.000377279
0.00606189
0.00528457
0.00647308
0.000518597
0.00545677
0.0902722
0.00614955
0.0242762
0.0228211
0.00283759
0.00083606
0.0773816
0.012103
0.00495116
0.000410472
0.0121822
0.00316048
0.0071449
0.0306976
0.0187418
0.0024672
0.0145077
0.00431443
0.0110955
0.00268948
0.000768242
0.00862548
0.0416264
0.00266481
0.000304945
0.0175792
0.00138482
0.00210983
0.000567829
0.0562617
0.0147396
0.00992264
0.00382142
0.000676525
0.00904883
0.041668
0.00254795
0.00196077
0.0150123
0.00935191
0.000685153
0.00254254
0.000497302
0.0290264
0.000318084
0.00189152
0.00189754
0.00618823
0.00287926
0.00217304
0.0470378
0.0160462
0.0122809
0.0116763
0.012636
0.00942294
0.0322942
0.0135855
0.00469676
0.00686035
0.0124941
0.0371727
0.00127868
0.00117365
0.0112289
0.000187104
0.00362597
0.00944715
0.000772541
0.00553566
0.00139377
0.0072286
0.072198
0.00696969
0.000719818
0.00262172
0.00262546
0.0199546
0.00284856
0.00618364
0.000789149
0.0139911
0.00535118
0.0109355
0.000990871
0.00199993
0.0123613
0.00151651
0.0114959
0.00572121
0.00341834
0.0399057
0.00445524
0.00733717
0.00320654
0.00331154
0.00163557
0.0152665
0.00290661
0.00739969
0.000670674
0.000815801
0.0117523
0.00283168
0.00486649
0.0268108
0.00223989
0.00393996
0.00100673
0.000181944
0.00148208
0.0313763
0.000463943
0.0018696
0.00755895
0.000322324
0.00156894
0.00354701
0.000641687
0.00749933
0.000396725
0.00763223
0.00388682
0.00425385
0.025403
0.000926213
0.000168818
0.0234233
0.0146266
0.00158568
0.00340132
0.0112477
0.0208742
0.00393255
0.00206622
0.0315118
0.00613178
0.00445256
0.00178349
0.00178314
0.000255202
0.000597104
0.0180041
0.000467827
0.000990776
0.0281059
0.00069914
0.0126002
0.00427523
0.000321868
0.00482057
0.00635635
0.0195414
0.00385717
0.00473762
0.00339811
0.0757549
0.0184714
0.00679524
0.00744278
0.021404
0.0191734
0.012633
0.0016565
0.00441362
0.000614652
0.0103697
0.0166909
0.0159799
0.00238001
0.00250658
0.00643864
0.00028365
0.0121894
0.0235994
0.00868357
0.0191546
0.0352231
0.00695569
0.0120921
0.00617965
0.00978711
0.00664108
0.00100032
0.00130297
0.00756794
0.00891888
0.0051225
0.116408
0.00715706
0.0137247
0.0220536
0.0305648
0.00845443
0.0455513
0.00144736
0.00546891
0.0105554
0.00129564
0.00511859
0.0313405
0.0754388
0.000341769
0.0792694
0.000819592
0.000389087
0.0246243
0.00772944
0.00412638
0.000922484
0.00990106
0.00105331
0.00893178
0.000230942
0.00654234
0.00744045
0.00798139
0.00520721
0.0113932
0.000535553
0.0228152
0.0200134
0.00847417
0.00197037
0.0474115
0.00481644
0.00693385
0.00162659
0.000897847
0.00353495
0.00361273
0.0228588
0.000300458
0.0227719
0.0139055
0.0107994
0.000245769
0.00226733
0.0508857
0.106213
0.0289642
0.0051905
0.00174297
0.00346617
0.0220451
0.00176678
0.0406364
0.000269827
0.00609042
0.00481313
0.0028136
0.000941892
0.000749384
0.00440238
0.00219409
0.00459079
0.000469979
0.0122236
0.0177104
0.00364551
0.000438086
0.00806296
0.00323909
0.00562611
0.0132263
0.0143305
0.00153049
0.0115704
0.00186478
0.00238911
0.00401874
0.00776981
0.00656887
0.00452288
0.0356041
0.131653
0.0710277
0.00159977
0.00068132
0.00142523
0.00234852
0.000405318
0.0040227
0.0440742
0.081913
0.0196181
0.0261133
0.00197618
0.0601164
0.0546847
0.00712329
0.0157672
0.129159
0.00109472
0.0331363
0.00889275
0.00383892
0.00215122
0.00344329
0.0035372
0.00407088
0.00348591
0.0041578
0.0010972
0.000332393
0.00816826
0.00126557
0.0538077
0.013099
0.00196693
0.00208919
0.0129694
0.000901069
0.0162205
0.0014297
0.00421413
0.0010321
0.000790087
0.00112126
0.0115145
0.0208948
0.000840036
0.00142644
0.0352354
0.00707441
0.00351037
0.0314506
0.00132411
0.01544
0.040454
0.00155239
0.0107703
0.00681025
0.00894203
0.00472276
0.000161334
0.00328925
0.00295477
0.00447051
0.00318301
0.0485767
0.00372216
0.00231129
0.00161436
0.00470145
0.00618867
0.0219749
0.0012997
0.000634534
0.000848578
0.00248286
0.00327538
0.00140184
0.012519
0.0165712
0.00571675
0.0406528
0.0149666
0.00139
0.00331556
0.0108499
0.0113085
0.000687437
0.000250586
0.0106193
0.00102702
0.000384326
0.0215256
0.00745445
0.0146167
0.051333
0.000458461
0.0026997
0.0136889
0.0744159
0.00120573
0.0187263
0.000951922
0.00143561
0.0227459
0.000900881
0.00759849
0.0357904
0.00691001
0.00605925
0.00291321
0.0104038
0.0106399
0.00100098
0.00290754
0.0301882
0.00755377
0.00154979
0.0090592
0.0076305
0.0226944
0.00752337
0.00421195
0.00218021
0.00341152
0.00188513
0.000987222
0.0421881
0.00601297
0.0101145
0.0315533
0.0058581
0.0274146
0.0124853
0.00662857
0.0179821
0.000768242
0.000385334
0.00602959
0.0021988
0.00155294
0.002448
0.0111588
0.00258798
0.0109969
0.0182769
0.00529846
0.000237974
0.045135
0.0065991
0.000958729
0.000301329
0.000685509
0.0102236
0.0203989
0.00125713
0.00703454
0.0199047
0.000416526
0.175204
0.0049975
0.00330174
0.00369903
0.0105935
0.0137838
0.0148992
0.0128784
0.00199635
0.00122466
0.0156107
0.0268093
0.0332528
0.00658008
0.00696102
0.00204525
0.0221505
0.00117461
0.00786554
0.000668246
0.0467859
0.00720559
0.0433444
0.000388034
0.000658914
0.00881649
0.00401947
0.022324
0.00642018
0.00311556
0.0799185
0.0188759
0.00146626
0.00257348
0.00358598
0.0143231
0.000951721
0.00455457
0.0165818
0.00807888
0.000418089
0.0248685
0.0427159
0.000798064
0.00197558
0.00357613
0.0549383
0.000525981
0.010224
0.00333724
0.00595537
0.00574307
0.00193733
0.0101319
0.00815401
0.0399812
0.00678528
0.0055854
0.00661093
0.00336597
0.0478753
0.0175754
0.00175606
0.00059873
0.00397709
0.0993825
0.0252064
0.0175483
0.00874427
0.00690862
0.00154328
0.000621622
0.00778884
0.00100483
0.0308661
0.00179913
0.00178358
0.00159376
0.000657141
0.018192
0.0192669
0.0254667
0.0153013
0.00131425
0.0012203
0.00146087
0.0163367
0.00450309
0.0295714
0.00560877
0.000354318
0.00462404
0.00496796
0.000857393
0.0272323
0.00377095
0.0134319
0.000930413
0.00461466
0.00179269
0.00237681
0.00160939
0.00846644
0.0233839
0.00409381
0.0034088
0.0047757
0.0236316
0.000353376
0.00803924
0.0118726
0.0198003
0.0219486
0.0108503
0.0191908
0.00575561
0.00620057
0.0346129
0.0186709
0.0172225
0.000705413
0.00888208
0.00053522
0.00538855
0.00211953
0.0131969
0.0152147
0.00235854
0.0808805
0.0385319
0.0562374
0.00244497
0.000780828
0.00256525
0.00593306
0.00523196
0.00102731
0.00758884
0.021221
0.0049197
0.00607873
0.0444033
0.000941025
0.00789216
0.0162679
0.013107
0.0109422
0.00349701
0.00558267
0.0077003
0.00515219
0.0226293
0.00638722
0.000501507
0.00750008
0.00797082
0.00234857
0.00207386
0.000246319
0.0055611
0.0178857
0.00895154
0.0106189
0.000797879
0.023899
0.000709556
0.0155084
0.0137914
0.00272108
0.0290152
0.0123709
0.000421647
0.00318788
0.00162349
0.015483
0.00129745
0.0137746
0.0437567
0.0181131
0.000824019
0.0129142
0.00218359
0.00207651
0.0269972
0.0122175
0.00166326
0.0161378
0.00218224
0.0169906
0.0139056
0.00305074
0.000446992
0.000833328
0.00124302
0.0181726
0.000644015
0.000815534
0.0218473
0.000475825
0.00201766
0.0214917
0.00389174
0.00604448
0.00203828
0.0369501
0.0741793
0.00350222
0.000357144
0.000726556
0.00873777
0.00716918
0.0182693
0.000941954
0.000779934
0.063174
0.0248279
0.00263608
0.0182034
0.0135232
0.0204224
0.0134487
0.000995033
0.0212507
0.0117401
0.0499107
0.0166492
0.00349911
0.0167324
0.0196273
0.0202074
0.0136276
0.0147463
0.044908
0.00267946
0.0208353
0.0321119
0.010078
0.00667539
0.0411107
0.00692451
0.00713883
0.0218808
0.00438682
0.010701
0.103554
0.0127083
0.0217674
0.0175
0.00597545
0.00173791
0.00122768
0.0103578
0.0243223
0.00351096
0.00143359
0.00635908
0.00132624
0.00530338
0.0144697
0.0077231
0.00408404
0.0469684
0.00140762
0.00956144
0.00195009
0.0029478
0.00326061
0.0005804
0.0325962
0.0676872
0.0535289
0.00289434
0.00217854
0.00604525
0.00173335
0.00922674
0.00082974
0.000907103
0.00647653
0.0783869
0.000659583
0.00350433
0.0051267
0.00263653
0.000899915
0.00196942
0.00372969
0.0331982
0.0192992
0.00542615
0.00540329
0.0140617
0.0324316
0.00313278
0.00347554
0.00755639
0.00143633
0.0208621
0.00253375
0.00797319
0.0131151
0.0100569
0.00770477
0.0107144
0.0193428
0.00289438
0.000627066
0.0087778
0.00584832
0.00391114
0.000535417
0.0081661
0.0201376
0.0203809
0.013293
0.00435542
0.00196106
0.030957
0.00263553
0.0387077
0.0243808
0.00157115
0.0645753
0.0457599
0.00187255
0.0143393
0.00456821
0.0237214
0.00399283
0.0103265
0.0289996
0.00185077
0.0182626
0.00434921
0.0383971
0.00431697
0.00202734
0.00532376
0.0156001
0.00225107
0.00106996
0.0141419
0.00199288
0.0106645
0.0580408
0.0107701
0.0141824
0.0016439
0.000729837
0.00214972
0.00831727
0.000695999
0.00249608
0.00808557
0.0174792
0.0245604
0.00185368
0.0135997
0.0026244
0.0157327
0.00277152
0.0145448
0.00150681
0.00646765
0.0177645
0.00514998
0.0035022
0.0017202
0.00131674
0.0223288
0.00168049
0.00461646
0.00115085
0.000151777
0.00847755
0.00594951
0.0376884
0.00194634
0.00454258
0.0742471
0.00912321
0.00378154
0.0227407
0.0133061
0.00286393
0.0210294
0.0255271
0.000574611
0.00691142
0.0226313
0.019142
0.000254424
0.0424366
0.00254157
0.00802384
0.00407139
0.0043461
0.000691738
0.00332317
0.000736355
0.018566
0.00212307
0.0253774
0.0233809
0.00107202
0.00832884
0.008904
0.00184971
0.0119248
0.000978617
0.0226083
0.00346258
0.000931937
0.0210357
0.00448689
0.000555113
0.016064
0.0231917
0.0220476
0.00271695
0.00104481
0.00301299
0.0125176
0.00140711
0.0171292
0.00815416
0.0129643
0.00891856
0.000503799
0.0464925
0.0265678
0.000844314
0.00688277
0.0200778
0.0326489
0.00137474
0.0472368
0.00141355
0.0254997
0.046102
0.00250469
0.000307728
0.00262743
0.00804362
0.00795962
0.00562556
0.0163331
0.0074554
0.000654106
0.00248445
0.0032999
0.0147402
0.0413109
0.00639791
0.0138142
0.00332584
0.00886135
0.00325014
0.0399525
0.00845886
0.00124238
0.0152332
0.0120511
0.0534926
0.0270828
0.0178408
0.0084248
0.0148581
0.00512478
0.00127095
0.000721883
0.00249302
0.0399547
0.0013198
0.00171572
0.00235543
0.00246814
0.0129357
0.000412497
0.0128589
0.00640108
0.0166398
0.000219308
0.00586593
0.0138618
0.000760341
0.00323354
0.000894204
0.00267213
0.0118605
0.000320925
0.00037465
0.00140938
0.018597
0.0159176
0.00726691
0.0277411
0.0132207
0.0015037
0.00181119
0.0013864
0.0197528
0.00245
0.00207199
0.0639452
0.00508835
0.00139974
0.0140261
0.00108753
0.00902717
0.00242916
0.000219183
0.000782691
0.00189264
0.00224601
0.0194084
0.0375261
0.0226843
0.0155871
0.036855
0.0153834
0.0237982
0.000913683
0.00212574
0.00112506
0.000512289
0.00582534
0.00197039
0.00309439
0.00190696
0.00170126
0.0228652
0.0163128
0.00043191
0.0748861
0.0111805
0.000166716
0.00493824
0.00454457
0.00570428
0.0373593
0.0110182
0.0165741
0.000700496
0.000562543
0.00498319
0.00473865
0.00583601
0.000862372
0.0223652
0.0168614
0.00182118
0.000217126
0.00670358
0.00870302
0.000409279
0.0046015
0.00100445
0.000641709
0.00225909
0.00129398
0.00150093
0.00338952
0.0132767
0.0233388
0.0097892
0.00248078
0.00500336
0.00675612
0.00200181
0.000479988
0.00608908
0.000695181
0.00844838
0.000388816
0.00242919
0.00735305
0.003781
0.0236272
0.00481392
0.00525817
0.0077163
0.0014939
0.0235787
0.0015203
0.000372593
0.00397232
0.00645601
0.00189506
0.0302111
0.000551372
0.00525826
0.000719425
0.0440513
0.00137709
0.0012665
0.00491278
0.0120455
0.00320524
0.00807373
0.0107618
0.0130343
0.00240495
0.00784031
0.00272259
0.00408128
0.00938545
0.0175717
0.0164087
0.00833333
0.00159383
0.00431875
0.0451364
0.00248931
0.0501017
0.043644
0.0158967
0.00730423
0.00267195
0.00438529
0.0120469
0.0140332
0.0120819
0.00244221
0.000431244
0.0332194
0.00465332
0.00110088
0.00176722
0.00440874
0.00770263
0.0109406
0.00429054
0.00162415
0.00196247
0.00654771
0.00686991
0.000687213
0.0183477
0.00491023
0.00108465
0.00153215
0.00754777
0.000701454
0.00511477
0.0044644
0.00088983
0.0114194
0.00534443
0.00989707
0.0205986
0.0276245
0.00168779
0.0327132
0.00373179
0.00906401
0.00239153
0.000181024
0.000429999
0.00243354
0.00955113
0.00369391
0.00467234
0.00078454
0.000160503
0.00076338
0.00101218
0.00148992
0.00106828
0.000449053
0.0597231
0.000857954
0.0265463
0.00315693
0.000721928
0.00214718
0.0232725
0.00038713
0.00419531
0.00872853
0.032925
0.0101264
0.000967179
0.03154
0.000475518
0.00232826
0.00292719
0.00232251
0.0209309
0.00235222
0.016748
0.00878928
0.000362311
0.00133496
0.00203994
0.00586809
0.000455519
0.0173106
0.00187529
0.000484147
0.0222832
0.00253395
0.000277146
0.00235908
0.00290132
0.000987993
0.0120689
0.00218937
0.000388475
0.0016979
0.0310477
0.00255034
0.00442441
0.00546479
0.0120306
0.00469979
0.000160934
0.000799529
0.00395401
0.014107
0.0206074
0.000859122
0.000496996
0.0087379
0.0185813
0.0279252
0.000569219
0.00340201
0.0136227
0.000756387
0.0078239
0.000975599
0.0112915
0.0158675
0.00551954
0.0134599
0.00547348
0.00103016
0.0313272
0.0203794
0.00313885
0.000934397
0.0191822
0.00375817
0.0146898
0.00383102
0.000603703
0.0256302
0.00907844
0.000272422
0.010504
0.00620493
0.000656614
0.0189116
0.00249524
0.00108055
0.00495267
0.00287852
0.0140624
0.000422211
0.00476655
0.00352378
0.0188702
0.0142312
0.0050755
0.00660835
0.00347257
0.0460314
0.000603636
0.00814828
0.0287565
0.000514009
0.0503093
0.0236908
0.00112899
0.0013072
0.000147143
0.0186842
0.00214332
0.00608537
0.0186262
0.00102048
0.000687252
0.00367184
0.00737293
0.00323406
0.0103893
0.00479309
0.00651422
0.000166501
0.0147204
0.00805085
0.00635751
0.00149479
0.0261954
0.00948781
0.00671304
0.0112471
0.0107755
0.00909843
0.0233856
0.0224621
0.0364233
0.0126333
0.0170397
0.0147651
0.0266771
0.00332752
0.00615368
0.0159764
0.0133411
0.0457466
0.0729816
0.000714307
0.0118201
0.0158977
0.00282468
0.000250655
0.00639154
0.00858655
0.00263026
0.00735133
0.000857441
0.00327777
0.0281762
0.00856265
0.0222313
0.0268611
0.0497927
0.0034464
0.0536725
0.0178107
0.000974357
0.011712
0.00509079
0.000837996
0.0220763
0.00483088
0.0431247
0.118361
0.00953422
0.0110084
0.00579852
0.00338931
0.0160154
0.0113172
0.0116892
0.00668925
0.0046088
0.0117703
0.0298146
0.0182144
0.0119063
0.00607554
0.001442
0.00790582
0.00829674
0.00486281
0.0153813
0.0105235
0.0128693
0.000626956
0.00995545
0.0123881
0.000497267
0.0433939
0.0174117
0.00930536
0.000232703
0.00504177
0.00978965
0.00281798
0.0144781
0.0011463
0.0201144
0.0122179
0.0116787
0.00115552
0.00789318
0.000501613
0.00170111
0.00401758
0.00135166
0.00544813
0.00998037
0.00352506
0.000715295
0.0976253
0.0200169
0.00172652
0.004967
0.00251944
0.00416123
0.0245784
0.00369198
0.00390709
0.000912627
0.00107858
0.0155497
0.0157885
0.0336892
0.0207256
0.00207854
0.00104471
0.00041723
0.00151551
0.00128859
0.0350465
0.0109011
0.000542164
0.0023958
0.00586468
0.00113913
0.000725336
0.0057534
0.00190087
0.00360693
0.0131285
0.00512556
0.0094891
0.0035816
0.0163406
0.02665
0.0151059
0.00153465
0.00143856
0.0155259
0.0348527
0.0101504
0.0389711
0.00868094
0.00447225
0.00581168
0.00299409
0.00974245
0.0223292
0.00477336
0.00512765
0.000205058
0.00327997
0.0134927
0.0203878
0.0427966
0.0257729
0.00403929
0.00588809
0.0258619
0.0124452
0.00295223
0.000581684
0.00651422
0.00545475
0.00210158
0.00256621
0.0545048
0.000752163
0.00113761
0.0076833
0.0178095
0.0244323
0.00356762
0.0142284
0.0147741
0.000546049
0.00122534
0.0115794
0.00213343
0.0462844
0.00952713
0.00354316
0.016581
0.0106958
0.00491951
0.0080552
0.0142833
0.0104542
0.00181199
0.026596
0.00617084
0.00373168
0.00054872
0.00310686
0.00733928
0.00386489
0.00934669
0.00446045
0.0471566
0.00264542
0.0379418
0.00604399
0.0230825
0.00435893
0.013983
0.00355581
0.0120901
0.0162888
0.00300795
0.0168381
0.00936204
0.00727534
0.0104502
0.00822247
0.00145123
0.0206385
0.00229315
0.000739591
0.0180507
0.00120631
0.00592851
0.0144122
0.00547532
0.109304
0.0297914
0.010169
0.00460665
0.00446526
0.0179852
0.00362539
0.0013074
0.0124673
0.0145553
0.0030508
0.000407748
0.000623927
0.00564943
0.000631528
0.0128439
0.00529133
0.000988959
0.00495519
0.00120312
0.0200957
0.0207532
0.012401
0.00952262
0.00124865
0.00785323
0.000953
0.0316515
0.000461869
0.00153836
0.00261081
0.00109367
0.0126521
0.00824849
0.071675
0.000161873
0.0057979
0.00522112
0.0363475
0.0016641
0.0234754
0.00167241
0.00122146
0.0331296
0.00575594
0.00394123
0.0153256
0.000375819
0.000486736
0.00655291
0.0404224
0.0133612
0.00134317
0.00921678
0.00107221
0.0227709
0.000543084
0.00123665
0.00827057
0.0063922
0.0082279
0.000690209
0.0392373
0.00130828
0.00229099
0.00655625
0.0342785
0.000713219
0.00915794
0.0180839
0.000430776
0.0345377
0.0151414
0.00275283
0.0192177
0.00244926
0.006936
0.000761591
0.0114868
0.0108774
0.0014103
0.00429097
0.000798084
0.00213361
0.000296234
0.010043
0.00142336
0.00335755
0.0113913
0.0110009
0.0200382
0.000571238
0.0202785
0.00238101
0.00110438
0.0123468
0.00106932
0.000632012
0.017843
0.00571185
0.0027737
0.00850329
0.00279326
0.0284658
0.00371594
0.0154222
0.000940751
0.0496058
0.00436311
0.0199063
0.00379954
0.000905001
0.0205048
0.00497902
0.0454236
0.0029231
0.0290811
0.0314334
0.00804694
0.000797993
0.00576208
0.000408215
0.0447033
0.00998631
0.00433048
0.00553028
0.00585657
0.00107195
0.0175537
0.000427879
0.00106407
0.00679319
0.00234541
0.00120641
0.00205778
0.000313294
0.0288783
0.00235326
0.00478406
0.0215349
0.00448926
0.00974759
0.000985396
0.0167303
0.0555577
0.000370572
0.00506022
0.0108282
0.0294461
0.00518666
0.00916938
0.000160065
0.00230044
0.0182244
0.00795473
0.00130307
0.00410023
0.000405095
0.00447969
0.00045188
0.00838985
0.0860965
0.0257355
0.00880789
0.0281599
0.00782321
0.0160649
0.0512192
0.0151973
0.0131163
0.00364664
0.000718405
0.00129901
0.00282454
0.00244834
0.00109726
0.000611528
0.00721092
0.00173434
0.00632651
0.00760309
0.000509574
0.0462758
0.00742061
0.0109677
0.0512493
0.0162655
0.0207664
0.00304097
0.000627419
0.000546506
0.00230916
0.00920485
0.0166046
0.00892093
0.0453562
0.000390664
0.00541617
0.00624999
0.00368222
0.000973652
0.000799291
0.012559
0.00355575
0.0206193
0.00226387
0.0120668
0.00509031
0.021571
0.00268377
0.00836824
0.0176401
0.00861795
0.0087718
0.00139609
0.00106359
0.036712
0.00716511
0.00432868
0.00888919
0.115425
0.00698868
0.00597302
0.0192067
0.0025263
0.0293648
0.0262528
0.0250997
0.00055168
0.000663079
0.0288353
0.0150882
0.00179101
0.000277854
0.0245287
0.0330209
0.0209366
0.00110063
0.0197484
0.0335149
0.00563442
0.00130987
0.00330019
0.0186593
0.00210027
0.000294072
0.0103582
0.0211232
0.0051124
0.00113488
0.000263759
0.0101233
0.00431644
0.00882082
0.00513376
0.0122541
0.0183291
0.0259465
0.00146229
0.00498735
0.000353481
0.00901433
0.00607876
0.00120846
0.00225402
0.00151444
0.00539521
0.00123152
0.0114331
0.000893112
0.010024
0.00235231
0.00525845
0.00306778
0.00786154
0.000930714
0.00258434
0.00535091
0.0039191
0.00758739
0.00150246
0.0246061
0.00114242
0.0661407
0.00161947
0.0120599
0.000264523
0.0028191
0.0034198
0.026217
0.00640526
0.0112292
0.0288559
0.000599659
0.0504847
0.00306865
0.00141133
0.0147848
0.00116996
0.0312214
0.0121602
0.00477682
0.00257688
0.0274998
0.000434349
0.0300939
0.018464
0.0029247
0.00390019
0.00380658
0.00946455
0.0192862
0.0041313
0.00181911
0.000213433
0.00317458
0.00477036
0.0112145
0.00186785
0.0112565
0.000772743
0.00376117
0.00117225
0.00458263
0.0125702
0.0166266
0.00553312
0.000531793
0.0153538
0.00331729
0.00472459
0.000663794
0.0228629
0.00351109
0.0204115
0.00442428
0.00148867
0.00624352
0.0323255
0.035624
0.00181535
0.00226632
0.00870375
0.0135234
0.00780056
0.0118823
0.0345775
0.0029162
0.000136746
0.00652423
0.000521834
0.00554756
0.0125808
0.00639846
0.0303176
0.0190154
0.0276696
0.0064504
0.0337605
0.0140074
0.0038272
0.0764537
0.0210363
0.00109168
0.00326805
0.00533028
0.00393879
0.00699909
0.00981318
0.005573
0.0118765
0.00495838
0.0649509
0.00266642
0.00052811
0.00423759
0.000668658
0.0104017
0.00529316
0.109006
0.00350677
0.0280472
0.000371665
0.00198276
0.00299434
0.000576995
0.0266612
0.0325611
0.0429369
0.0056264
0.00456481
0.00775825
0.0222026
0.0194203
0.00299184
0.0196974
0.0199515
0.0160751
0.0334582
0.000301228
0.0153028
0.00127697
0.000486935
0.0036588
0.00157644
0.0140708
0.0308077
0.000401408
0.0116752
0.00269258
0.0180226
0.00611511
0.00238131
0.00847546
0.0145466
0.0187626
0.031882
0.00422839
0.0107536
0.00121106
0.0216133
0.00072056
0.00226357
0.0254237
0.0220329
0.00161462
0.0133693
0.011656
0.00886719
0.00851026
0.00679216
0.000268374
0.000399113
0.00787663
0.00943907
0.00214704
0.00591786
0.00310993
0.00163501
0.00598181
0.00142171
0.00765905
0.00909559
0.000611579
0.00451479
0.00848106
0.075657
0.000645478
0.0192358
0.0106291
0.00594259
0.00385448
0.00707654
0.0119404
0.00369187
0.0168908
0.00154752
0.000448088
0.0283562
0.00140235
0.030085
0.0190722
0.000600006
0.0237592
0.018648
0.0377724
0.000390917
0.00829107
0.0106761
0.010163
0.0147913
0.00500847
0.0553026
0.0452926
0.00849788
0.00120833
0.000571193
0.00962933
0.0034671
0.0131632
0.000264819
0.00499983
0.00057478
0.000975582
0.00103209
0.0100245
0.039146
0.0234186
0.0116534
0.0710686
0.000476278
0.0223246
0.0145984
0.0063881
0.0304944
0.00505146
0.0115045
0.00384335
0.0106391
0.00127914
0.0209809
0.0184908
0.0233764
0.0139867
0.033253
0.0148755
0.00906632
0.00929459
0.000343004
0.000360166
0.00250061
0.000834702
0.00636745
0.0107001
0.000292235
0.000687054
0.000271727
0.00414074
0.0075161
0.00502847
0.0121614
0.0122481
0.00112971
0.00380414
0.00223491
0.00370482
0.000372741
0.00451728
0.0144621
0.00612723
0.0127013
0.00499741
0.0320956
0.00634221
0.0127808
0.00417235
0.0276766
0.0246886
0.015524
0.0197352
0.0012818
0.0452046
0.0177082
0.00581805
0.00181344
0.00632169
0.015943
0.000760826
0.00960896
0.000937113
0.00610718
0.00854486
0.0169804
0.00396989
0.00137297
0.00761599
0.00146022
0.00125314
0.0182234
0.000541556
0.00105289
0.00313053
0.0012393
0.0132614
0.00102288
0.00336648
0.00171399
0.00636084
0.00446019
0.000962034
0.00623516
0.00781129
0.00130122
0.0350781
0.0197594
0.00557849
0.00130099
0.049503
0.0134737
0.0107098
0.0120496
0.0516451
0.0219734
0.0148641
0.025492
0.0305843
0.00978595
0.00223688
0.0464407
0.000875026
0.00475829
0.000265044
0.0130045
0.000366173
0.00039388
0.0145762
0.000674433
0.00411585
0.00858741
0.00155938
0.00443118
0.00950726
0.00278687
0.000411532
0.0100116
0.000896037
0.00106251
0.00928488
0.0178805
0.000329809
0.00249813
0.0263002
0.0177426
0.00103868
0.00441259
0.00969128
0.00934338
0.00132686
0.00101078
0.0120494
0.00132424
0.00595963
0.0433769
0.00101132
0.0021395
0.0147243
0.00832984
0.00496935
0.0382399
0.00567626
0.0117889
0.00418572
0.000575231
0.0141775
0.0187821
0.0054436
0.00110967
0.000603764
0.046426
0.0027918
0.00501422
0.00216097
0.00452462
0.000563792
0.00429425
0.0128183
0.000720319
0.0189085
0.00159117
0.000285012
0.00408239
0.00640849
0.00279142
0.00797193
0.00702748
0.0029407
0.0461789
0.00666478
0.0111981
0.00762375
0.0123378
0.0280431
0.0173376
0.00976911
0.017197
0.0215211
0.0178313
0.000642721
0.00716806
0.00156266
0.000795172
0.00864789
0.00069118
0.00414107
0.00113266
0.00673003
0.0158736
0.0108543
0.0104249
0.00194412
0.00218821
0.000879401
0.000996477
0.00370214
0.00283069
0.0130819
0.00548388
0.0297101
0.0218973
0.00356571
0.00121498
0.0216185
0.00364889
0.000610798
0.0208194
0.00330789
0.00626463
0.0411522
0.0277485
0.00121615
0.0190811
0.00260136
0.163432
0.0292195
0.0145728
0.00136991
0.0224265
0.023334
0.00120179
0.0071658
0.029067
0.00332972
0.00100666
0.0134414
0.0103202
0.0068124
0.00369887
0.000145551
0.00368449
0.00588533
0.0321027
0.00736523
0.000651025
0.00307684
0.0181608
0.00260332
0.00160657
0.035243
0.00126239
0.000711459
0.0471061
0.0159682
0.0112726
0.000263782
0.0093275
0.00142582
0.0611416
0.000171728
0.00242394
0.00757278
0.000797182
0.0013664
0.00491594
0.00411442
0.000793398
0.00299197
0.00678438
0.00518459
0.00665331
0.0069865
0.0100993
0.0355249
0.010083
0.0143393
0.0144127
0.00459759
0.00883333
0.00528665
0.0552897
0.00893879
0.00215555
0.0691733
0.00163013
0.00890133
0.0019569
0.00888067
0.0096505
0.00235603
0.00194067
0.00151233
0.00408497
0.00197909
0.000444181
0.00124066
0.0163569
0.000696502
0.00121942
0.0104235
0.00302522
0.0222233
0.000507164
0.00230065
0.00800871
0.0134457
0.00580594
0.0110351
0.000119368
0.00534397
0.0227042
0.0109141
0.0117408
0.00206731
0.00692988
0.00102695
0.00819774
0.00479363
0.022161
0.00874131
0.00349322
0.0154894
0.00186485
0.00552755
0.0188381
0.00342048
0.0135106
0.00465192
0.0143028
0.000773662
0.0171224
0.000318404
0.00660676
0.00428694
0.0186762
0.0121987
0.000337538
0.00830417
0.0116511
0.00361269
0.00134736
0.0105801
0.0134781
0.0331606
0.0030201
0.0192609
0.0142747
0.00689573
0.0404132
0.0143972
0.0107546
0.00756822
0.000841448
0.00593396
0.000609658
0.0148087
0.00609171
0.0082344
0.00104086
0.00805357
0.00264185
0.00522321
0.00276264
0.0396826
0.000389828
0.00325935
0.0198943
0.00535356
0.0206465
0.00465555
0.00232373
0.00391422
0.00358194
0.000374813
0.00636689
0.0240287
0.0324467
0.00625904
0.0145068
0.00354177
0.00114254
0.0156789
0.00510907
0.00797839
0.00609874
0.0130217
0.0364547
0.0356949
0.000481457
0.00303956
0.00934087
0.00654793
0.012262
0.0641695
0.0176608
0.0053566
0.0467865
0.00468959
0.011083
0.0166233
0.000405265
0.00574277
0.00363374
0.0383502
0.00172345
0.012722
0.00720349
0.00463293
0.0107022
0.014425
0.00727273
0.00364657
0.0039746
0.0186318
0.00947575
0.00636213
0.0138023
0.0116218
0.0018992
0.00887364
0.00487856
0.00483694
0.0179295
0.000488869
0.0137309
0.00210231
0.00131028
0.00249984
0.0164374
0.0403874
0.00169791
0.000549574
0.0558236
0.000938676
0.0172863
0.00845966
0.00092781
0.0418674
0.0196198
0.0132991
0.00321144
0.00742885
0.0208954
0.00131794
0.00751696
0.0190036
0.00363224
0.0221021
0.000908179
0.00147577
0.0297089
0.00122176
0.00174217
0.00303126
0.00749561
0.000391031
0.00214889
0.011575
0.0572373
0.00275379
0.00789246
0.00340508
0.00916436
0.0494559
0.00441359
0.0133935
0.0133344
0.00124048
0.00131032
0.00548397
0.0122162
0.000591184
0.00243767
0.0287839
0.000504235
0.0249511
0.00160197
0.0203023
0.00296531
0.0203732
0.0065942
0.000304224
0.0209801
0.0354432
0.00125748
0.016674
0.0111159
0.0191255
0.00429626
0.0107814
0.00242764
0.0014851
0.00443824
0.00578624
0.0033012
0.0386352
0.00476943
0.00285401
0.00812588
0.00433242
0.0186129
0.00880591
0.0160981
0.0403039
0.0288617
0.00538997
0.000360869
0.000925251
0.00282338
0.00576131
0.00367111
0.00626461
0.00457136
0.0014496
0.00485724
0.00247256
0.00299771
0.0268517
0.0103778
0.111702
0.00113538
0.001433
0.00531578
0.00129868
0.00671322
0.0261575
0.00375593
0.00520239
0.00646755
0.0168494
0.00805181
0.0116834
0.0454995
0.00573031
0.0307122
0.074614
0.00120092
0.00186419
0.00431269
0.00228458
0.0364718
0.00148951
0.0135257
0.0208449
0.00188493
0.00820761
0.00663424
0.0270184
0.00102622
0.00356746
0.0066715
0.00955988
0.0167116
0.007191
0.00608281
0.0433655
0.00164482
0.00429019
0.00173629
0.0540139
0.000556948
0.0285021
0.000591606
0.0164017
0.0046942
0.00966956
0.00140186
0.00490724
0.00452295
0.000957156
0.00236866
0.00116255
0.00188895
0.00121599
0.00106611
0.00106683
0.033134
0.0328423
0.0125341
0.00125508
0.00189355
0.00725765
0.000969396
0.0207154
0.000579422
0.0100091
0.000843777
0.0031177
0.00439715
0.0070273
0.00078709
0.00274524
0.00642981
0.0550079
0.00190481
0.000603911
0.0306355
0.00166974
0.00105439
0.00256795
0.00538649
0.0223257
0.0140246
0.00991798
0.0108825
0.0650075
0.00403201
0.0106376
0.0206099
0.000513477
0.0578936
0.0166697
0.00055044
0.00614138
0.000472079
0.0122522
0.00920835
0.00255554
0.00147336
0.00928392
0.00759632
0.0566007
0.0139836
0.00187688
0.000310492
0.014133
0.00597199
0.00100683
0.00910771
0.0028789
0.0074041
0.0399483
0.00193141
0.00035037
0.00134267
0.000765651
0.0386027
0.02266
0.000194322
0.000366193
0.0153573
0.0364457
0.000497104
0.00110938
0.000452761
0.0227107
0.0130399
0.00114675
0.0136838
0.0416521
0.000706208
0.00618304
0.0437808
0.00867465
0.00255603
0.000725566
0.0154837
0.0106571
0.0186619
0.00929989
0.0553129
0.0329727
0.00063592
0.00977574
0.0105661
0.0328094
0.0043919
0.00254623
0.0162326
0.0104095
0.0186059
0.00148965
0.0173117
0.00513682
0.00521005
0.0210013
0.0123921
0.00235349
0.0010307
0.0011134
0.0375067
0.000665894
0.0217687
0.00710601
0.00592352
0.00439777
0.00111071
0.0100234
0.0166884
0.0361109
0.00245185
0.00860687
0.00950367
0.0189388
0.00312707
0.00528746
0.00465885
0.0585261
0.00475094
0.00202546
0.0489646
0.0336898
0.00889719
0.023555
0.00631621
0.00449509
0.0158667
0.00336182
0.00775739
0.0061254
0.006346
0.0103853
0.0153049
0.00136706
0.000208515
0.000480038
0.000968426
0.00764872
0.0101764
0.0378348
0.0333431
0.00410527
0.00272961
0.00400249
0.0267522
0.0240433
0.0133446
0.0297557
0.0243089
0.0200147
0.0623988
0.000718684
0.0011547
0.011695
0.000362349
0.000690832
0.0178641
0.00139959
0.0516395
0.0268126
0.00133719
0.00639036
0.000519609
0.0536658
0.000759064
0.00273605
0.000609699
0.00141557
0.00633006
0.00893219
0.0224914
0.00188414
0.00353504
0.0181578
0.00645198
0.0073388
0.000225573
0.000947311
0.00200779
0.0016965
0.00393929
0.00106885
0.0122251
0.00426979
0.00152836
0.00762842
0.00421936
0.00034556
0.0041942
0.0026956
0.00153856
0.0118101
0.027902
0.00828033
0.00517355
0.0047932
0.00413249
0.00347297
0.00269825
0.00994457
0.0312256
0.010418
0.0051091
0.0123057
0.0104538
0.00315684
0.0938543
0.0012311
0.000890083
0.0200118
0.00117037
0.0141955
0.00509384
0.0315128
0.00990449
0.000371143
0.00997343
0.00344233
0.0157378
0.00553952
0.01142
0.0193743
0.00495495
0.000236262
0.00245655
0.00132609
0.000570805
0.00780049
0.00746272
0.0612497
0.00063263
0.00428334
0.00591642
0.009987
0.0134462
0.00118903
0.00641887
0.00197447
0.00145462
0.00402653
0.0278801
0.0178915
0.0371091
0.00535598
0.0191276
0.00181369
0.0279884
0.0010917
0.0489369
0.00685162
0.0167873
0.002434
0.00228356
0.000596756
0.0169054
0.00523575
0.00980941
0.000313032
0.000448716
0.00440664
0.00435654
0.0115154
0.00663189
0.0502484
0.0413679
0.00924019
0.000912232
0.0271571
0.00115613
0.000528709
0.00727313
0.00172687
0.000373236
0.00877448
0.102945
0.0115049
0.0199876
0.0156998
0.0106424
0.00207341
0.00688327
0.0235586
0.00231726
0.00396296
0.0210982
0.0141533
0.0086212
0.00165465
0.00877961
0.00245206
0.00111485
0.00205443
0.0012305
0.0339115
0.0170598
0.0061161
0.00247895
0.0154047
0.0134115
0.00321824
0.00683999
0.00498484
0.00754207
0.0381261
0.00104146
9.68808e-05
0.000284391
0.0538691
0.00422309
0.00359995
0.0316572
0.00132678
0.00788266
0.0116266
0.00173256
0.00197429
0.000870777
0.0128932
0.00890817
0.0487042
0.023919
0.0126661
0.00615755
0.0701815
0.0108674
0.00489112
0.0529424
0.0175186
0.0424221
0.00348204
0.0386188
0.0233723
0.00807368
0.00732745
0.0065693
0.00574458
0.0378659
0.000821937
0.00446838
0.006982
0.000535041
0.00264413
0.000580319
0.0335589
0.0152267
0.0187894
0.000846643
0.0015316
0.000302907
0.0495657
0.029297
0.00083965
0.00588947
0.00715368
0.00394251
0.018279
0.000548129
0.0228075
0.0125019
0.00377313
0.000748598
0.00151293
0.00551756
0.00437383
0.00026956
0.00128029
0.00426447
0.00254595
0.00125039
0.0523442
0.00165725
0.0137005
0.00233269
0.00126404
0.0211518
0.00480661
0.00383355
0.0110939
0.00330266
0.0427134
0.0256741
0.0138412
0.00576665
0.00287341
0.00575881
0.00849985
0.0030369
0.00319788
0.000439016
0.0450127
0.0242488
0.0035532
0.0141606
0.00268916
0.0166649
0.00560693
0.00625108
0.0112753
0.00271772
0.00550703
0.0121518
0.0156001
0.0110071
0.000384061
0.00663649
0.0018565
0.00165412
0.0142399
0.00453546
0.00478283
0.00556392
0.00789109
0.00896146
0.000417968
0.00250389
0.00447209
0.00522395
0.00762205
0.0130697
0.00333134
0.00531355
0.0155609
0.0117383
0.00130396
0.0155966
0.0171218
0.00498806
0.0331959
0.00395636
0.0030011
0.0245629
0.0207148
0.0140318
0.00191391
0.00130258
0.000987163
0.00197405
0.0124968
0.00125439
0.00130989
0.0080839
0.0144566
0.000614972
0.00768496
0.0138479
0.00154039
0.00373947
0.000689984
0.000389304
0.0167492
0.00155581
0.0067318
0.0133093
0.00370214
0.00363655
0.0224621
0.00636999
0.0104389
0.00127446
0.00347556
0.00367814
0.00146114
0.0243042
0.00207785
0.002953
0.0144113
0.0099408
0.0342028
0.00186826
0.00543173
0.00474992
0.00383154
0.00657418
0.00424863
0.0139144
0.00846238
0.008113
0.00390178
0.00406619
0.000708544
0.000304532
0.0141198
0.00476809
0.00342897
0.012412
0.0085031
0.00190292
0.0259091
0.00661351
0.0208395
0.0689518
0.0238444
0.00170711
0.00525842
0.00129343
0.00793254
0.00746291
0.0014988
0.000826568
0.0150329
0.0176134
0.000788506
0.00739665
0.00381748
0.00699051
0.00860236
0.00190506
0.0452334
0.00362342
0.000666294
0.00515454
0.0235874
0.0134196
0.0016584
0.0078388
0.0111976
0.00749862
0.0342473
0.0204292
0.0103999
0.0199062
0.000661365
0.00910544
0.0259563
0.0182324
0.000820334
0.00146729
0.0169211
0.0133709
0.00455495
0.00282004
0.00287477
0.00072039
0.0152287
0.0111474
0.0134507
0.0104177
0.00319275
0.00658199
0.0118696
0.0161852
0.00425182
0.000406015
0.0079882
0.0804255
0.000354036
0.0339824
0.00127762
0.00122177
0.0167602
0.00207834
0.00500085
0.0149313
0.00890681
0.0013377
0.015509
0.00844329
0.0210921
0.0284385
0.0274008
0.0129268
0.00197841
0.00209509
0.000647349
0.0150325
0.00244684
0.0773251
0.00235847
0.000431909
0.00447221
0.00826926
0.00730821
0.00675876
0.00162847
0.00987107
0.0238383
0.00435669
0.000514052
0.00876404
0.0150021
0.033676
0.00280539
0.00278157
0.00243857
0.00084568
0.00188718
0.00480035
0.0367851
0.0298022
0.001471
0.00621707
0.00196705
0.00158204
0.00203853
0.069957
0.0218488
0.0036353
0.000484555
0.00113512
0.00865754
0.00438324
0.00175906
0.00134622
0.00232336
0.00107122
0.00932759
0.00242835
0.00635861
0.00246993
0.00544085
0.00137581
0.00169157
0.00449438
0.0128504
0.000874862
0.00139959
0.000992173
0.011402
0.0015761
0.00212225
0.0135947
0.00714439
0.00336085
0.00533045
0.00962713
0.00584114
0.00265692
0.00082443
0.0119678
0.000781015
0.0532418
0.00063625
0.0029731
0.00498445
0.00124092
0.00415525
0.000479014
0.00107843
0.00918692
0.0124984
0.00215696
0.000693031
0.0110121
0.00111197
0.0165623
0.0164634
0.00350442
0.000318234
0.00129951
0.00186534
0.00184734
0.0353433
0.000367836
0.00155877
0.00338982
0.0267069
0.0018097
0.0417997
0.0050271
0.0172064
0.0344646
0.00797407
0.00907171
0.000280545
0.00867444
0.00352136
0.00798718
0.00449063
0.000852139
0.00237896
0.00590375
0.00231872
0.000346905
0.00501049
0.00117243
0.0204473
0.00046356
0.0106647
0.00205062
0.00624443
0.016965
0.00890511
0.00899859
0.000469078
0.00826197
0.038539
0.00101985
0.00300207
0.00179243
0.0331355
0.00828469
0.0512156
0.0426835
0.0136068
0.00281815
0.00897622
0.000377103
0.0221006
0.0306326
0.00425533
0.00331462
0.00796121
0.00687262
0.00303373
0.0440131
0.00184918
0.00485116
0.00251832
0.00922526
0.0373181
0.00128169
0.0051907
0.0416505
0.00253622
0.00141756
0.0171563
0.00111527
0.0474824
0.0183756
0.00961246
0.000435229
0.000922836
0.00302081
0.00145164
0.0136692
0.0305991
0.0025218
0.00182668
0.00382707
0.000717504
0.0207128
0.013033
0.000685112
0.000886334
0.00554582
0.00504956
0.006594
0.00118637
0.0152266
0.00202221
0.00627697
0.0214639
0.00377345
0.00465201
0.0394342
0.0278533
0.00471617
0.0494839
0.00672497
0.00708292
0.0105219
0.0249117
0.0457034
0.00510659
0.00254398
0.0171273
0.00456301
0.0843896
0.0089118
0.00445077
0.00688214
0.019936
0.0224181
0.00264265
0.00261141
0.00161841
0.0121157
0.00046871
0.00630829
0.0526758
0.0132559
0.00367331
0.00371627
0.00295024
0.00390576
0.00596546
0.000597329
0.0208082
0.00246831
0.074074
0.0253504
0.00465962
0.00876394
0.0039301
0.00476537
0.014018
0.00300273
0.0015691
0.036552
0.000571418
0.00248387
0.00523353
0.00637619
0.00124524
0.00258284
0.00658121
0.0122724
0.0291281
0.00318021
0.0109525
0.00377674
0.0218724
0.0248539
0.0140061
0.00108527
0.0119159
0.0332741
0.00428102
0.0105731
0.000239123
0.0126989
0.000377045
0.0158523
0.00217187
0.000770841
0.000330685
0.00369739
0.00164428
0.0330095
0.00202075
0.00889289
0.0650454
0.0104938
0.00750164
0.000467593
0.00413977
0.00586528
0.0359685
0.0606105
0.0105539
0.00166263
0.0164561
0.00386433
0.00122022
0.0033848
0.0285396
0.000775185
0.00682922
0.0137722
0.00393824
0.00697896
0.0111894
0.00204043
0.0442129
0.00129793
0.000925599
0.00209457
0.00086499
0.00320995
0.0242505
0.0043958
0.0289881
0.0182712
0.0460971
0.00216319
0.0454077
0.0351837
0.00357254
0.00937173
0.000183492
0.0252132
0.0198201
0.0234669
0.00220801
0.00384125
0.0049897
0.00164537
0.0111669
0.00423208
0.0249852
0.00384268
0.0155288
0.00553684
0.00675935
0.000723974
0.0716995
0.0032622
0.00189075
0.0095525
0.00440396
0.00083788
0.00600323
0.000784452
0.00835158
0.000593225
0.00275531
0.00542248
0.0201496
0.00902836
0.000418916
0.00777073
0.00611716
0.000531679
0.001814
0.00246479
0.00103161
0.0282654
0.0321939
0.00294148
0.0029384
0.0179981
0.0128662
0.0060014
0.00339874
0.00457448
0.0012286
0.00505184
0.00356577
0.0125415
0.0550353
0.00484267
0.00165362
0.0133426
0.0362043
0.0246227
0.00238508
0.0192753
0.0033783
0.0115021
0.0147538
0.026568
0.0179759
0.00246972
0.0012803
0.0137397
0.00432158
0.000716918
0.00630814
0.0042068
0.00521052
0.00101053
0.00110008
0.000436184
0.00748804
0.0087348
0.016265
0.000272698
0.00980294
0.00756614
0.0183703
0.0222984
0.00256231
0.0221799
0.003328
0.00871925
0.00118778
0.0125834
0.00307417
0.0109088
0.00578237
0.000449547
0.00177144
0.00527431
0.00430866
0.0177533
0.0419465
0.00135677
0.00127227
0.000214112
0.00837632
0.00148349
0.047861
0.00628513
0.00823092
0.00265634
0.0128784
0.00706776
0.106921
0.000626578
0.00267742
0.000669323
0.000551014
0.0179735
0.00342545
0.000703401
0.00209818
0.0129786
0.00712808
0.000440958
0.0691652
0.00050427
0.0726799
0.00636465
0.00125381
0.000462497
0.0105089
0.000147794
0.0504394
0.00579517
0.0129724
0.050173
0.0146287
0.00518891
0.0154712
0.00088
0.025827
0.00832599
0.000909414
0.0133033
0.0043247
0.00499045
0.0182078
0.00350879
0.0267032
0.0404738
0.00041992
0.00262705
0.0130838
0.00145543
0.00059909
0.00481904
0.00132145
0.00500023
0.00028321
0.0200527
0.00464224
0.0353528
0.00905409
0.00310058
0.0173314
0.00401623
0.00324654
0.000948408
0.00216918
0.00566762
0.0527288
0.018804
0.0114038
0.0264192
0.00734748
0.00657234
0.0119212
0.00509829
0.00226499
0.00281915
0.00873026
0.0187183
0.00034108
0.0345525
0.0165621
0.0119939
0.0174203
0.0123874
0.00245
0.000651263
0.0157424
0.0019391
0.00963036
0.00583106
0.00998406
0.000898949
0.00436583
0.0525166
0.0051337
0.000785919
0.00527279
0.00533042
0.00371114
0.00817032
0.00699229
0.0010138
0.0162949
0.00781762
0.0107653
0.000832024
0.00238731
0.0337443
0.0148268
0.0171236
0.00255961
0.00145926
0.00670274
0.0173938
0.00112267
0.00129328
0.00169308
0.0225263
0.000879582
0.000135834
0.0165443
0.0188914
0.0101144
0.00640968
0.0189367
0.0114124
0.000270492
0.00708111
0.010837
0.000437419
0.00345219
0.00899885
0.00879037
0.000682999
0.00685258
0.00435873
0.0434786
0.00375511
0.0111794
0.0150111
0.000202425
0.0180992
0.00179248
0.0253189
0.0114095
0.0125564
0.00118874
0.00378464
0.000378801
0.00820733
0.00836625
0.0466063
0.00483586
0.0111821
0.0173302
0.000367254
0.0217264
0.00084964
0.00317062
0.00339692
0.0166761
0.0102993
0.0137525
0.0157254
0.0276301
0.000953555
0.00787153
0.0256168
0.00983619
0.0120305
0.0685864
0.117266
0.00097182
0.00968101
0.000971656
0.00124406
0.0140113
0.0015596
0.00785555
0.00216971
0.00174405
0.00186385
0.00733874
0.00139883
0.0148002
0.0613278
0.00523409
0.0113551
0.0214222
0.0386174
0.000458156
0.00423849
0.00193884
0.00024608
0.0111425
0.00385239
0.0103286
0.00121218
0.0252011
0.00573361
0.00450493
0.00232138
0.00693967
0.035559
0.0360117
0.00940291
0.0322863
0.00644322
0.00222995
0.00794074
0.00475488
0.00122612
0.00912429
0.000607111
0.00276839
0.00374107
0.00195317
0.000154261
0.00043831
0.0166196
0.00237908
0.00260213
0.0024699
0.0587871
0.0173566
0.00289135
0.00464445
0.0230732
0.0104614
0.00478844
0.0119126
0.0226621
0.00169617
0.000417321
0.0090303
0.00341824
0.000731573
0.0159932
0.000421059
0.010492
0.00724096
0.0137415
0.0104043
0.00314975
0.00462152
0.00160953
0.0174044
0.0133659
0.00314955
0.0117202
0.0150825
0.00317104
0.00282661
0.00247348
0.00122541
0.00786549
0.000426861
0.000395641
0.000879798
0.000709939
0.00372216
0.00027621
0.00521879
0.00864804
0.000994335
0.00092349
0.0269703
0.00669009
0.0227106
0.0136757
0.000180148
0.00269417
0.00191792
0.00044884
0.00367414
0.00092872
0.000468829
0.0160381
0.029841
0.0347122
0.0344195
0.00167466
0.0115739
0.00054565
0.0623889
0.0237745
0.00252318
0.000468613
0.00302432
0.00363493
0.00560205
0.0322622
0.00260244
0.0322064
0.029597
0.000337194
0.000972771
0.0114635
0.00206701
0.000872115
0.00693884
0.04416
0.0340732
0.00446225
0.00143653
0.00187291
0.0136156
0.0014278
0.00429289
0.0119054
0.00329473
0.000697281
0.0167388
0.0015576
0.00282679
0.0133511
0.000866306
0.00590603
0.00505659
0.0207721
0.0164676
0.00092489
0.00282593
0.00371084
0.0211752
0.0208393
0.008112
0.0162194
0.00903216
0.00045157
0.023302
0.00264315
0.0139527
0.00510142
0.00923154
0.00204
0.00074223
0.0255839
0.00370528
0.00388984
0.00229197
0.00313124
0.0272211
0.0093066
0.0176951
0.00547012
0.0153885
0.00469039
0.00178367
0.00916305
0.00483671
0.000936458
0.000280644
0.00147456
0.0312781
0.00203903
0.0107726
0.0172493
0.0119269
0.00212003
0.00165721
0.00300017
0.00143818
0.00341636
0.00608033
0.0103832
0.00232192
0.00222311
0.0379325
0.0120845
0.0137072
0.00182081
0.000697966
0.0054799
0.000994902
0.054069
0.00857503
0.00712213
0.0216957
0.0131271
0.0371988
0.000715731
0.000610713
0.00181388
0.0155644
0.00169175
0.000764891
0.00365297
0.00450358
0.000740573
0.0769139
0.0191061
0.00617201
0.0128796
0.024064
0.000564176
0.00119468
0.0031941
0.00228099
0.000788547
0.0130376
0.000427152
0.0158859
0.00356226
0.00147524
0.0266542
0.00373138
0.00203567
0.0063987
0.00139201
0.0126667
0.00777985
0.000275059
0.00198559
0.000262604
0.00870021
0.0544912
0.00184839
0.0041667
0.00936349
0.000630611
0.00239229
0.00546901
0.0193012
0.000893979
0.00391484
0.00233249
0.00237486
0.00202266
0.0448139
0.00283569
0.0211307
0.00674461
0.0126597
0.00047096
0.03708
0.000915162
0.00206675
0.00115072
0.00787138
0.00105658
0.00178251
0.000384761
0.00251324
0.0116419
0.00164438
0.00212709
0.00150787
0.000485858
0.00562282
0.00407751
0.008833
0.0228219
0.00527649
0.0137739
0.00810178
0.0156378
0.0534497
0.00375296
0.00348709
0.00917765
0.00216287
0.00320856
0.000108093
0.00296795
0.0109079
0.0282206
0.0315676
0.000415727
0.00158098
0.00264696
0.001101
0.00188481
0.0017062
0.00559931
0.0117418
0.00722635
0.00404192
0.00111004
0.00159526
0.00469198
0.000483521
0.023248
0.00805583
0.00846954
0.0285538
0.00852293
0.000623944
0.0098797
0.0186728
0.0020228
0.0221882
0.000462938
0.0169472
0.000575662
0.00179179
0.00236407
0.0040243
0.00688764
0.00511599
0.00394979
0.00017208
0.00149354
0.0209362
0.000251645
0.034111
0.0118847
0.00705233
0.000309033
0.0077358
0.00290134
0.00311921
0.000373059
0.00070906
0.014204
0.0331501
0.0250675
0.0058291
0.0112534
0.00096965
0.000775726
0.000441097
