0.00183792
0.0162866
0.00623897
0.00972201
0.0587048
0.0116934
0.0224354
0.0142705
0.0520609
0.00306509
0.016116
0.0043144
0.0220844
0.00488421
0.00345834
0.00742181
0.0023574
0.0113635
0.00621584
0.0428257
0.0054252
0.0170232
0.0406855
0.0237598
0.0664722
0.00428614
0.0026192
0.0270157
0.00296781
0.0076707
0.0134083
0.000516104
0.00255676
0.00397339
0.00378538
0.00683332
0.00654936
0.00476146
0.00956649
0.00752777
0.00178509
0.00107511
0.0545572
0.00481074
0.00584366
0.0120642
0.0114544
0.00300847
0.00125901
0.021808
0.00224704
0.0459572
0.0227198
0.000954349
0.0145944
0.00799791
0.00506911
0.00347325
0.0218466
0.0209437
0.01674
0.0104934
0.00122174
0.0018129
0.0263048
0.0150021
0.0164633
0.00340159
0.0125675
0.00502165
0.0084542
0.00178107
0.00777946
0.0112222
0.0272231
0.00159353
0.00571402
0.00674774
0.0459853
0.0125137
0.00237942
0.013471
0.000494697
0.00832171
0.0113294
0.0481168
0.0463973
0.00598707
0.000862639
0.00065148
0.0169465
0.00441764
0.0249149
0.0441243
0.0044348
0.00413576
0.0524348
0.0095157
0.000988661
0.00472688
0.00403546
0.00804595
0.0082249
0.0146791
0.00721596
0.00430549
0.0144808
0.0405554
0.00162096
0.0128457
0.00815819
0.00085004
0.00831515
0.00837115
0.000781852
0.00982729
0.0170802
0.014484
0.015605
0.00559843
0.00230594
0.00969407
0.0174905
0.00346048
0.00287372
0.00479689
0.00480856
0.0218388
0.000271169
0.0325449
0.0081814
0.0210403
0.0174661
0.00839137
0.00352132
0.0304808
0.0157936
0.0015255
0.0111109
0.00897209
0.0288864
0.00146066
0.00114614
0.00163449
0.0131918
0.00330104
0.000840715
0.00747557
0.0315741
0.0144564
0.00527518
0.00151596
0.00730843
0.000265111
0.00331147
0.0313516
0.0155335
0.0111508
0.0172483
0.00628761
0.0127601
0.00623269
0.00236088
0.0548912
0.00823393
0.00273514
0.0288445
0.00155848
0.00416895
0.000109755
0.00436983
0.00525985
0.0218211
0.0106297
0.00188518
0.00220665
0.00149834
0.00611999
0.0282839
0.00903612
0.00223598
0.00989809
0.00062402
0.00141668
0.0234747
0.0011753
0.00103218
0.0144343
0.0342169
0.00629744
0.005397
0.00661967
0.00436193
0.00893995
0.051723
0.0182938
0.0103566
0.00524235
0.00808117
0.0016773
0.00540487
0.00425158
0.0185117
0.00111624
0.000141244
0.00996413
0.0104283
0.0107278
0.00223876
0.0438214
0.0340339
0.000622568
0.00202774
0.00569939
0.0186209
0.00182309
0.00278673
0.0029079
0.00441908
0.000381861
0.00429462
0.0130569
0.043739
0.0166749
0.0412298
0.000894277
0.0124808
0.00998591
0.0151547
0.000528955
0.0137622
0.02062
0.00256827
0.0294058
0.00316754
0.00530678
0.00356883
0.0037285
0.000743395
0.0221548
0.00491902
0.012118
0.0352188
0.0192044
0.00782652
0.00159268
0.00350105
0.00888082
0.00324107
0.0236524
0.00952675
0.0201872
0.00907611
0.00983847
0.0253877
0.00617131
0.00388787
0.00311481
0.00251374
0.0144656
0.00711114
0.0124013
0.00728195
0.0400959
0.00935026
0.017954
0.0041522
0.00929113
0.0143183
0.0222324
0.00218279
0.00866187
0.0120456
0.00673074
0.00606131
0.0270845
0.0017842
0.0150111
0.00933456
0.0174051
0.000270363
0.00333613
0.00444074
0.0109715
0.000853445
0.0031936
0.017519
0.00323842
0.000558589
0.0366035
0.0127203
0.000802885
0.0119512
0.00351138
0.00565432
0.0058811
0.0164468
0.0155761
0.0128234
0.000439355
0.0538596
0.0184258
0.00347634
0.031214
0.00561596
0.0137257
0.00374032
0.00445384
0.00203359
0.000559947
0.000713643
0.00785745
0.0177767
0.000387553
0.00963242
0.0011562
0.00189468
0.0121884
0.00404253
0.00539562
0.0110851
0.0003619
0.0054289
0.00826832
0.000903836
0.0126536
0.00611346
0.0162668
0.0008197
0.000584044
0.000471777
0.0182255
0.0347862
0.0277222
0.012545
0.00556896
0.0144378
0.00413785
0.000247672
4.58717e-05
0.0343453
0.000387964
0.00226798
0.000503343
0.0229107
0.0163919
0.00264776
0.0286572
0.00720475
0.011602
0.00263283
0.00497953
0.0065107
0.012858
0.00094657
0.00352707
0.00231666
0.000989727
0.0294852
0.0027178
0.00213705
0.00912305
0.00437122
0.00183376
0.0202085
0.000208269
0.0035559
0.00877551
0.000969437
0.00263889
0.000117473
0.00476663
0.00123074
0.00689884
0.00279695
0.00599761
0.00024455
0.0194871
0.00406822
0.0050399
0.01751
0.0119233
0.0105935
0.000284313
0.011001
0.000111324
0.0240776
0.00399536
0.0124239
0.00284351
0.0210068
0.00821725
0.0338989
0.000772996
0.00322645
0.00412454
0.0184141
0.00105102
0.00312702
0.00141658
0.000717731
0.000386987
0.00317082
0.00410859
0.017462
0.0116638
0.014378
0.00351119
0.00634164
9.95059e-05
0.00299972
0.00871104
0.00159028
0.0160006
0.00245436
0.00312894
0.0229541
0.0148807
0.0103878
0.0359613
0.00209823
0.000319947
0.000632125
0.000387264
0.000463163
0.000878932
0.00304017
0.0102426
0.00750148
0.0016397
0.00649127
0.0014885
0.0154555
0.00125348
0.0034949
0.00950035
0.0006775
0.0363919
0.0100595
0.00831549
0.000460688
0.0111125
0.00621326
0.0369385
0.00276985
0.0017
0.0237914
0.0117755
0.00272516
0.0190742
0.0114488
0.0031476
0.00716918
0.00285816
0.000609335
0.0162135
0.00183196
0.0238947
0.0163128
0.00325465
0.0294668
0.00164079
0.0223279
0.0102827
0.00570586
0.00306527
0.00969001
0.0103276
0.0144598
0.00309937
0.00739905
0.0159113
0.00452391
0.000319905
0.00965569
0.0158472
0.00327656
0.0184311
0.00334957
0.00237717
0.00794531
0.000181983
0.0106901
0.000166091
0.00375987
0.0125181
0.00180604
0.00188953
0.0204795
0.00209263
0.0143488
0.00134569
0.00267322
0.00173722
0.00159825
0.00636038
0.0146456
0.00485042
0.0130307
0.00327872
0.00464671
0.00100297
0.00216832
0.021893
0.00686594
0.0187848
0.00162635
0.00647227
0.0254654
0.0274329
0.00933565
0.00371673
0.00331968
0.0259102
0.000635085
0.00517334
0.00385202
0.000705105
0.00205778
0.0103865
0.00279108
0.00112413
0.0136473
0.00245263
0.00424279
0.010543
0.00293023
0.0139078
0.00950083
0.0113652
0.0319891
0.00832159
0.00152312
0.0181625
0.00356902
0.00443454
0.020542
0.0323547
0.00125881
0.0110106
0.00175366
0.049971
0.00297885
0.00139527
0.0147013
0.0169871
0.0111548
0.0039369
0.0100894
0.00167174
0.00644177
0.00207535
0.0227933
0.0216266
0.00723548
0.0144938
0.00584506
0.020376
0.00336858
0.00970718
0.00871509
0.00629543
0.0375068
0.0386146
0.00961719
0.00924392
0.00267701
0.00372286
0.00169722
0.00949355
0.000304236
0.00178892
0.00247935
0.000197583
0.00548835
0.0113834
0.00358529
0.00866119
0.00839178
0.0560194
0.01263
0.00218238
0.00339671
0.00171703
0.0134765
0.00583406
0.0072629
0.00316781
0.00211523
0.0268296
0.00309588
0.00982832
0.0010867
0.00126626
0.00324011
0.00152867
0.000271856
0.00174453
0.00283384
0.00178108
0.0127031
0.000644104
0.011176
0.00374252
0.0347115
0.00542393
0.00115405
0.0126884
0.00863257
0.0235531
0.000794267
0.000841684
0.000552329
0.00837787
0.00499016
0.00583574
0.00934428
5.50252e-05
0.00249509
0.012395
0.0028772
0.00884194
0.0011534
0.00270553
0.00510697
0.00319797
0.0147425
0.00319062
0.000938771
0.000301688
0.0134712
0.00392224
0.0144191
0.00759247
0.00271674
0.001362
0.00955906
0.00105051
0.0160858
0.00560968
0.00238727
0.0110958
0.00567518
0.0235618
0.0119662
0.0133493
0.00398688
0.00371173
0.00229128
0.0105035
0.0334713
0.000830723
0.00914575
0.00240063
0.0102412
0.0037151
0.00220613
0.00051499
0.00150109
0.00778703
0.000200527
0.00380946
0.0127745
0.00223173
0.0217306
0.002429
0.0105078
0.0246111
0.0136825
0.00341877
0.00270139
0.00125934
0.0153199
0.0206373
0.00830519
0.00705954
0.00403727
0.0106491
0.00202538
0.011962
0.00961206
0.00442104
0.00301618
0.00220273
0.000255744
0.000580108
0.00275482
0.023357
0.00579109
0.00389876
0.0215547
0.000893831
0.0277431
0.00500592
0.00184508
0.00291617
0.0234413
0.00641944
0.0205118
0.000571794
0.012286
0.00286527
0.00323487
0.00104002
0.00917053
0.000422719
0.0130041
0.000930505
0.00457747
0.0154296
0.00329412
0.00741611
0.000443652
0.00947273
0.00407744
0.00239762
0.0252663
0.000681914
0.00430988
0.0286671
0.00961395
0.00159744
0.0414583
0.00826205
0.00209429
0.00788918
7.7752e-05
0.000463686
0.000239463
0.00619919
0.00494409
0.00302452
0.00120941
0.00204911
0.0268421
0.0144192
0.0097199
0.00833466
0.0131398
0.0234316
0.00811274
0.00795029
0.000561645
0.00808854
0.000822846
0.00799925
0.0142539
0.0282481
0.00655228
0.000910954
0.00155549
5.35555e-05
0.00985254
0.000434072
0.00425525
0.0104664
0.0163265
0.0046754
0.00187777
0.00290017
0.00419585
0.00225138
0.00139542
0.00319566
0.00922107
0.00185265
0.00162978
0.0248666
0.0102475
0.00689966
0.0118068
0.00595359
0.00222574
0.00534452
0.000767219
0.0132434
0.000109738
0.0218886
0.00592811
0.00146951
0.000397032
0.0369902
0.00915714
0.000593279
0.000317901
0.000254278
0.0075587
0.000336104
0.00135663
0.020991
0.00329257
0.0144332
0.00775669
0.00498533
0.000177114
0.00393591
0.0040389
0.0137704
0.000569607
0.00176109
0.00259285
0.00427377
0.000382967
0.0130323
0.0255863
0.0183066
0.0012437
0.00119422
0.029093
0.000352873
0.00459369
0.000418173
0.0128538
0.0162699
0.00506722
0.00548126
0.00049747
0.00610274
0.00762325
0.00230415
0.00506155
0.00335888
0.00678775
0.00274126
0.000553784
0.00878631
0.00394897
0.00506843
0.00247919
0.00237481
0.000323788
0.00446029
0.00240753
0.00363244
0.0103212
0.000798699
0.00150598
0.00730772
0.0266246
0.00198732
0.00025741
0.00122597
0.0262119
0.00140942
0.000976988
0.000296211
0.00611703
0.00562365
0.00797839
0.000329144
0.0155741
0.00484703
0.000173632
0.0095848
0.00524569
0.000386286
0.0167393
0.00798085
0.000742584
0.00223625
0.0139898
0.0100822
0.0119439
0.0265309
0.00100195
0.00284147
0.00325918
0.0174437
0.015618
0.00652094
0.00700552
0.0047216
0.00785
0.0242691
0.0376692
0.00459551
0.00400499
0.00147214
0.000156334
0.0751291
0.0239699
0.000996858
0.00137344
0.000497851
0.0298864
0.00449695
0.0176755
0.00555344
0.00402031
0.0259975
0.000351691
0.000954905
0.00176965
0.00981733
0.0234854
0.00341426
0.00208698
0.0122005
0.00311665
0.000569111
0.00303163
0.000181532
0.0116751
0.0201236
0.00853468
0.00492323
0.00123016
0.000671572
0.000234208
0.00585986
0.00448581
0.00301781
0.00792684
0.00721541
0.0193847
0.000101521
0.000861277
0.00513262
0.00938082
8.53318e-05
0.00806364
0.00491749
0.00200409
0.00228598
0.000978497
0.00810347
0.000158551
0.011366
0.00310144
0.00171409
4.75715e-05
0.00484904
0.00961346
0.00147138
0.0318524
0.000668844
0.00336679
0.00841739
0.000279235
0.000111436
0.0248648
0.00196359
0.00476062
0.00368035
0.0015334
0.000862111
0.000620946
0.00545552
0.0124257
0.0288882
0.00284144
0.000368958
0.00287292
0.000271125
0.00158391
0.00834299
0.000899728
0.00504833
0.0111016
0.0153922
0.00516602
0.00302906
0.00329355
0.0206091
0.000631514
0.0079465
0.00739085
0.00614256
0.00287262
0.00559094
0.00066882
0.00115852
0.00405856
0.0026972
0.0100538
0.00370231
0.0088088
0.00172466
0.000624853
0.0106705
0.0052177
0.0106605
0.00153317
0.0103985
0.000194865
0.000209132
0.000141251
0.0104491
0.000431227
0.00411552
0.00220236
0.0205019
0.0259255
0.00327822
0.0140436
0.00177707
8.89103e-05
0.00393349
0.00240734
0.00221687
0.0135202
0.0148226
0.000531695
0.00922212
0.00457075
0.00150412
0.000111226
0.00361659
0.00151424
0.00137264
0.0176976
0.0267523
0.000571199
0.0146663
0.000154985
0.00179938
0.00518605
0.0113122
0.000686022
0.0265601
0.000161312
0.04114
0.00620699
0.000333695
0.00999016
0.00302071
0.00149485
0.00677357
0.000839419
0.000883527
0.00493878
0.00551001
0.00252024
0.0176479
0.0169834
0.0168795
0.00272418
0.00267681
0.00255811
0.0111326
0.0119535
0.00606733
0.000716453
0.00471422
0.00482681
0.00960333
0.0016528
0.00482806
0.00402897
0.00259125
0.000317435
0.00526252
0.0341898
0.00168547
0.00200369
0.0026893
0.00574899
0.00296979
0.00136871
0.0480793
0.0137347
0.0108682
0.0147865
0.0182275
0.0238885
0.0267696
0.0252211
0.00848019
0.0056087
0.00302972
0.0154094
0.00932683
0.0123397
0.000617895
0.00240831
0.00202453
0.00229723
0.00545602
0.0286498
0.000139311
0.00525735
0.00550992
0.000438153
0.000842127
0.0298097
0.010106
0.00981986
0.0132887
0.00263493
0.00719892
0.0158361
0.0217656
0.000809019
0.00138823
0.0066944
0.000583115
0.000192444
0.000955063
0.011446
0.000400492
0.0154659
0.00301326
0.000207057
0.0508012
0.00357356
0.000463347
0.0107265
0.00780131
0.000257256
0.00201378
0.00857521
0.00160705
0.0229508
0.00217179
0.00964627
0.0115298
0.00556613
0.0119444
0.00435349
0.00717839
0.00142998
0.00328199
0.00661467
0.00304048
2.22192e-05
0.0113361
0.00991827
0.0070728
0.00145519
0.00538929
0.0129613
0.0116122
0.0203358
0.0422058
0.00591338
0.00166791
0.00266005
0.00051541
0.00176743
0.0117985
0.000438475
0.000528153
0.00199494
0.000106233
0.0263225
0.00737926
2.8477e-05
0.000150678
0.00772527
0.0188862
0.0118609
0.000343538
0.00763707
0.0199624
0.00184263
0.00232058
0.00588634
0.0193759
0.0167044
0.0175723
0.0238196
0.00895678
0.0142998
0.00422806
0.00323244
0.000134752
0.00239792
0.00434548
1.39578e-05
0.00409308
0.00260625
0.00771204
0.00300522
0.00491519
0.011837
0.00148601
0.00301963
0.000859711
0.0116305
0.00217495
0.00114383
0.00755876
0.000641505
0.0019621
0.00183087
0.00507069
0.0174921
0.000143559
0.0018471
0.00379237
0.00248651
0.00298826
0.000420597
0.00651585
0.00136777
0.00935624
0.00162568
0.000548815
0.000857819
0.00100604
0.000884756
0.00367408
0.00617138
0.00431121
0.000658409
0.00874546
0.0134067
0.0200638
0.00716248
0.00844036
0.00303157
0.00432893
0.000832087
0.000214324
0.0320447
0.00789728
0.000407585
0.0109832
0.00138454
0.000347456
0.00663502
0.00102163
0.00100858
0.0034004
0.000820565
0.0175913
0.00390996
0.00543526
0.00108251
0.0091216
0.0032758
0.0022739
0.00620388
0.000596293
0.00774213
0.0160666
0.0228237
0.000528107
0.00649639
0.0110267
0.0236426
0.00819858
0.00286821
0.00212318
0.00128252
0.021466
0.00922857
0.00393188
0.000129137
0.0175273
0.00857138
0.00252433
0.00222769
0.00310798
0.00215579
0.000797293
0.012305
0.00555543
0.00138536
0.00552211
0.0273097
0.0135678
0.00099489
0.00850451
0.000232024
0.00614538
0.00407192
0.000852296
0.0215859
0.000841387
0.00474824
0.000679619
0.00116144
0.000251793
8.00912e-05
0.00279446
0.00554069
0.0087169
0.00120927
0.00399692
0.0020103
0.000112494
0.00793229
0.000645762
0.0118649
0.00450725
0.00622854
0.00183837
0.00643408
0.0159986
0.00118868
0.0058547
0.000632629
0.0112423
0.00520115
0.00813806
0.0157033
0.00316115
0.00244252
0.00169351
0.0357238
0.00161491
0.0134126
0.00132426
0.0142437
0.00126462
0.00396585
0.0037815
0.012874
0.0425918
0.0231488
0.00212094
0.0164749
0.00180976
0.000331703
0.0140871
0.00361979
0.0029222
0.0200122
0.00392658
0.0107674
0.00820327
0.0102066
0.00248848
0.000126107
0.000191516
0.000478843
0.00316686
0.000290864
0.00204609
0.00881559
0.0170709
0.00178125
7.81131e-05
0.0187282
0.00245118
0.00571488
0.00250741
0.00851798
0.00795378
0.00198196
0.00665907
0.000408952
0.00164577
0.000644417
0.00331747
0.00583834
0.0125298
0.0127251
0.000206989
0.00262871
0.0174944
0.00700188
0.00192055
0.00775008
0.00217121
0.000474559
0.00660366
0.00348853
0.000631234
0.000827857
0.00183895
0.0171401
0.000340648
0.000905572
0.011862
0.00853728
0.00329944
0.00303802
0.000358805
0.00132817
0.00276814
0.00114654
0.00256513
0.0033545
0.00685886
0.0143374
0.000355182
0.00176181
0.00767311
0.00150165
7.28402e-05
3.31458e-05
0.00278696
0.0381001
0.00229087
0.00347152
0.000150924
0.0117244
0.00097511
0.0182851
0.000108835
0.00340319
0.00113122
0.000215572
0.0108848
0.0253083
0.00121335
0.00612194
0.000275297
0.0001057
0.00259359
0.00634707
0.00437232
0.00617687
0.00583405
0.00567964
0.0326808
0.00637032
0.00122035
0.000181424
0.00160288
0.00360313
0.0351328
0.000781511
0.00762738
0.000663827
0.00313716
0.00303231
0.03198
0.0166561
0.00287399
0.000175912
0.00299739
0.0262973
0.00198807
0.00079271
0.00174472
0.0110165
3.82268e-05
0.00494322
0.000305703
0.00757952
0.0200882
0.001189
0.00528976
0.00285778
0.0243281
0.0202638
0.000339001
0.010999
0.0213559
0.000329119
0.0065652
0.00809576
0.00178121
0.0208294
0.00126036
0.0216694
0.00709473
0.0130353
0.000815427
0.000970505
0.00437545
0.00265419
0.0139862
0.0126838
0.000563145
0.00226869
0.0356604
0.001074
0.00133112
0.00220386
0.00841152
0.00537185
0.00296285
0.00319727
0.0138717
0.0327544
0.000483618
0.000213563
0.0219808
0.00161169
0.000290613
0.00277505
0.00387358
0.00233655
0.00822969
0.00535093
0.00258508
0.000463248
5.54692e-05
0.00284917
0.00339677
0.00241785
0.00175542
0.00534705
0.0029718
0.00931382
0.00273139
0.000935075
0.000464992
0.0058361
0.00276826
8.58799e-05
0.00551528
0.00127568
0.00128985
0.0018667
0.000448661
0.0061863
0.00788555
0.00939982
0.00236476
0.0181334
0.00414033
0.00013753
0.000229609
0.0080256
0.00823657
0.0276827
0.00117933
0.0116376
0.0124423
0.0244149
0.0119304
0.0147456
0.00387952
6.86749e-05
0.00203321
0.00180052
0.0125031
0.000276361
0.000580541
0.00133769
0.00883799
0.00963598
0.00739291
0.000249077
0.0246193
0.0298359
0.0155924
0.00393973
0.00743374
0.00975099
0.000874798
0.00253438
0.000840344
0.010305
0.00367423
0.00595211
0.0011312
0.015607
0.00688935
0.00436009
0.00148912
0.000550234
0.011392
0.0169723
0.00166845
0.00299781
0.00235794
0.0031116
0.00781733
0.00498205
0.0119969
0.0469184
0.00227965
0.00538452
0.0211554
0.00639593
0.0185706
0.014805
0.00220863
0.00295608
0.00197327
0.010353
0.000527033
0.0618042
0.00126203
0.0155932
0.00150314
0.00258976
0.00373609
0.000298093
0.00139954
0.000731904
0.00100859
0.0003914
0.000589502
0.0146268
0.00543211
0.00191501
0.00693637
0.00716663
0.00379358
0.00703183
0.000420975
0.000224579
0.000881391
0.00111432
0.00327504
0.00409522
0.0065637
0.000524468
0.00233932
0.028592
0.00321209
0.0191041
0.000111931
0.00316047
0.00190576
0.00234607
0.000339408
0.0132484
0.000794484
0.0183929
0.00248836
0.00288898
0.0252276
0.000695584
0.00247854
0.0071386
0.0118036
0.00258401
0.00206643
0.00932757
0.00111785
0.0295806
0.00101704
0.00768089
0.00221802
0.00115508
0.0355014
0.00124057
0.00231952
0.0147475
0.00904557
0.0162214
0.00955805
0.000363671
0.00445168
0.00488213
0.000104402
0.00064363
0.024101
0.00296081
0.0236944
0.00852155
0.00372924
0.0228786
0.0039972
0.00204589
0.0054602
0.000790273
0.000182701
0.00342235
0.0124667
0.00869465
0.0203694
0.0302866
0.00937013
0.00375818
0.00422354
0.00576376
0.0186838
0.00177462
0.0231086
0.00530484
0.0103757
0.00297103
0.00939971
0.000468516
0.00332002
0.00196619
0.00070214
0.000314295
0.00115559
0.00488268
0.0052856
0.00227547
0.0130411
0.00204113
0.000822271
0.000123546
0.00025349
0.00084927
0.00257831
0.000259047
0.0161545
0.000929995
0.00855696
0.00518906
0.00062854
0.00400952
0.00361205
0.00318385
0.0104481
0.00699102
0.000271841
0.010273
0.000349396
0.00372793
7.59788e-05
0.0211488
0.000526202
0.00772152
0.00293127
0.000275924
0.0052355
0.000357068
0.00429852
0.0201892
0.000149919
0.0033546
0.000820358
0.00251149
0.00211732
0.00113468
0.00369177
0.00947739
0.00418338
0.00478611
0.00209948
0.000993506
0.0110441
0.0204912
0.00341974
0.00568883
0.0021113
0.00362394
0.000903535
0.0160814
0.00425891
0.00837567
0.009223
0.00781987
0.0187397
0.00239334
0.000528816
0.0152029
0.00245049
0.0010839
0.00135537
0.0151499
0.023182
0.00277196
0.00277937
0.000902729
0.00232594
0.000249878
0.0115842
0.00798826
0.004106
0.00269697
0.00145211
0.000971975
0.00250724
0.00604634
0.00160095
0.0103169
0.00395947
0.0484748
0.00179816
0.00455531
0.00150606
0.00569044
0.00128098
0.0018426
0.0142103
0.000811578
0.000645038
0.019977
0.0163545
0.000136374
0.00394819
0.00140354
0.00190979
6.09788e-05
0.00826872
0.000297952
0.000181152
0.00806768
0.00607213
0.0286147
0.00490865
0.00414524
0.0205344
0.00140056
0.00176256
0.00578532
0.00593132
0.0162533
0.0130284
0.000358682
0.000581266
0.0212589
0.00427132
0.0231451
0.00328746
0.0223209
0.00947009
0.00187562
0.002228
0.0013872
0.00714158
0.0127472
0.00644866
0.00869466
0.00457641
0.00329309
0.00508353
0.00573926
0.0125143
0.00310529
6.55294e-05
0.00280872
0.000301845
0.00086376
0.00174621
0.00039641
0.00501692
0.0259141
0.00858066
0.0179559
0.011282
0.00306972
7.6775e-05
0.000399986
0.00136854
0.000123224
0.000713007
0.00417248
0.00677036
0.00196102
0.00198574
0.00173026
0.0061959
0.00167776
0.00264295
0.00888442
0.0233297
0.00159316
0.00168988
0.00339349
0.0309401
0.00678787
0.00748021
0.000386959
0.00109267
0.000922386
0.00159799
0.0255536
0.00152045
0.0121373
0.0208472
0.00203655
0.00615652
0.00706833
0.00392619
0.00949857
0.019638
0.00519358
0.00551697
0.0301618
0.000557062
4.88653e-05
0.015175
0.00877541
0.000328408
0.0131276
0.0080679
0.0263826
0.00501237
0.00129949
0.0388683
0.0018536
0.00195639
0.0138509
0.00946116
0.000492477
0.00615209
0.0129666
0.00183605
0.0127854
0.00195922
0.00226691
0.00307761
0.00996584
0.0133538
0.0040071
0.00108644
0.00920359
0.0192399
0.010575
0.0085818
0.000126563
0.00373116
0.0029954
0.00982722
0.00895846
0.000178237
0.0260336
0.0136858
0.00215245
0.00257697
0.00645564
0.000161453
0.000681634
0.00319942
0.00697005
0.014573
0.00179633
0.00205337
0.00109498
0.0129507
0.0861807
0.00196591
0.00570601
0.00746837
0.00938785
0.0779072
0.00283181
0.00118809
0.000743754
0.01074
0.0110296
0.00462057
0.00027341
0.011521
0.00568468
0.00434299
0.000733409
0.0215343
0.0291995
0.0362992
0.00560182
0.000328486
0.00465181
0.00617405
0.0224972
0.00800474
0.00427392
0.0100278
0.0164333
0.00177777
0.00399036
0.00077097
0.000449484
0.00577428
0.00124078
0.00212028
0.00396823
0.00195381
0.00760902
0.00683076
0.000163329
0.00169886
0.00447223
0.00143781
0.012588
0.00423882
0.00285985
0.00603997
0.000233682
0.00207256
0.000431444
0.00641784
0.00472824
0.0134952
0.0601169
0.0175011
0.000531062
0.0174234
0.0164622
0.00143477
0.0104953
0.00280588
0.000928551
0.00732723
0.00852026
0.0052932
0.0114192
0.00256822
0.00615063
0.00168654
0.00555059
0.0100805
0.0013722
0.000496055
0.000953589
0.00432162
0.00266364
0.00128988
0.00305185
0.000158978
0.00402337
0.0180731
0.0150865
0.0113924
0.00161728
0.00291972
0.0163932
0.00103448
0.00384414
0.000756814
0.0258646
0.000291502
0.00252067
0.000519092
0.000128519
0.00955762
0.00643215
0.00408935
0.0189866
0.0160302
0.00186022
0.000213567
0.00216983
0.00306941
0.00520592
0.00296936
0.00213318
0.00439849
0.00346295
0.00952288
0.0156033
0.0306967
0.0173269
0.00914321
0.00151236
0.0276479
0.00997559
0.000670486
0.000770977
0.00259267
0.000721936
0.00709793
0.00708743
0.0199459
0.000151211
0.00632301
0.00477321
0.0210862
0.00651426
0.00563695
0.0226963
0.00537299
0.00360931
0.0107323
3.59511e-05
0.00433922
8.49027e-05
2.64663e-05
0.00894733
0.0136563
0.000578269
0.00662756
0.000168966
0.000127902
2.49118e-05
0.00179636
0.00531824
0.0100389
0.000180632
9.24652e-05
0.0121274
4.40008e-05
0.00658467
0.00841473
0.00319305
0.00188728
0.0316629
0.00624139
0.000314873
0.0171121
0.00242995
0.00219415
0.00525559
0.000453401
0.0160686
0.00169902
6.61186e-05
0.0148006
0.00267418
0.00446998
0.0132677
0.000199644
0.000148572
0.00311446
0.000321312
8.95362e-05
0.00753086
0.012343
0.000998452
0.00492147
0.000453141
0.00814063
0.0107704
0.00543394
0.00655768
0.0144537
0.000476473
0.00187457
0.000741294
0.00114904
0.00303458
0.000893955
0.000768315
0.00363326
0.00257079
0.00394662
0.0371731
0.000872511
8.753e-05
0.0177131
0.00229061
0.0275538
0.00795188
0.0028895
0.0232988
0.00441011
0.00800629
0.00149185
0.00680566
0.0015762
0.00496213
0.0134708
0.0102003
0.00286096
0.00129552
0.00156439
0.00946464
3.86949e-05
0.00150504
0.00225582
0.00525628
0.000196535
0.00399204
0.0174415
0.000181679
0.00437641
0.0122439
0.00376504
0.0029974
0.00371156
0.000176084
0.000347588
0.000402798
0.0139895
0.0210599
0.000384226
0.011241
0.0177704
0.00955603
0.000497799
0.00308238
0.00585959
0.00906846
0.00478034
0.00603543
0.00943241
0.00218558
0.0012408
0.00284178
0.000991574
0.00125109
0.0310508
0.00198382
0.00597776
0.00121873
0.00722961
0.00382855
0.00637103
0.0133138
0.01085
0.000114165
0.00360229
0.00801737
0.0090534
0.00329991
0.00384836
0.0248534
0.0030328
0.00409822
0.00332462
0.00178986
0.003069
0.0100448
0.00108251
0.0127577
0.00386177
0.00752034
0.00348445
0.0182024
0.000811705
0.0172995
0.00284822
0.0215443
0.00098513
0.0101637
0.00117914
0.00229398
0.000655633
0.00214546
0.0141825
0.00562158
0.0112596
0.0029026
0.00391456
0.00650926
0.00206915
0.00969905
0.0127351
0.00139256
0.00229133
0.0200359
0.0090787
0.00467055
0.00283188
0.00130662
0.00050732
0.000547793
0.00764283
0.000378279
0.00349864
0.0194725
0.021375
0.00167021
0.00678588
0.0276524
0.0060707
0.000375126
0.00199254
0.00502318
0.00569632
0.00113075
0.00132869
0.0195167
0.00236339
0.00507997
0.00708267
0.00341167
0.00141265
0.0268728
0.00213623
0.00740171
0.00105927
0.00641794
0.00104568
0.00690284
0.00810362
0.00020784
0.00311866
0.000260509
0.00030426
0.0123055
0.000147994
0.00816752
0.000463721
0.000884943
0.00223353
0.0178392
0.0278565
0.0191777
0.00703716
0.000993397
0.0182876
0.0104796
0.00327105
0.00144657
0.00159622
0.00743847
0.00281099
0.00581248
0.00648321
0.0238665
0.000471993
0.00827504
0.0266166
0.00158845
0.0192291
0.000693798
0.0109545
0.00203323
0.00441665
0.00273093
0.00257053
0.000104768
0.00118987
0.00288289
0.00128591
0.00819665
0.00720134
0.000647964
0.00109834
0.00144849
0.00213075
0.0307825
4.81942e-05
0.025238
0.00270175
0.0039456
0.00048558
0.00702818
0.000648695
0.000279709
0.00167492
0.00684789
0.0201546
0.00785094
0.0141378
0.000368409
4.49176e-05
0.00333418
0.0253292
0.002164
0.0296679
0.0315302
0.0193669
0.00917797
0.000557833
0.0076413
0.00311958
0.00435615
0.00104224
0.00428457
0.0147374
0.0048543
0.0069577
0.000255752
0.00648716
0.00203527
0.00162509
0.00453053
0.000132365
0.0118116
0.000286303
0.011701
0.000647379
0.0149723
0.0208415
0.00377496
0.00220704
0.00948807
0.00164517
0.00287218
0.00218579
0.0145288
0.0019247
0.00533641
0.000116285
0.0130336
0.00387686
0.0111559
0.00433519
0.00763587
0.000891326
0.00253997
0.0026379
0.0215171
0.000578182
0.0030663
0.00383931
0.015544
0.00158782
0.0126745
0.000169308
0.00401013
0.00467054
0.00479569
0.000108607
0.000913038
0.0201602
0.00409353
0.00265636
0.0155788
0.0101666
0.00595802
0.00611079
0.000253627
0.00184825
0.0254479
0.0170623
6.06931e-05
0.00163187
0.00146671
0.00629894
0.000417827
0.00519117
0.000257595
0.00746103
0.00416653
0.00019256
2.31624e-05
0.000914697
0.00379561
0.0219178
0.00234477
0.00175742
0.00863912
0.00308073
0.00511406
0.002474
0.000225258
0.00899001
0.00155254
0.0284109
0.00490661
5.71218e-05
0.000151137
0.00381489
0.00727671
0.0107716
0.0189925
0.00174301
2.19494e-05
0.00114045
0.0140885
0.030919
0.00527983
0.00731901
0.0298316
0.00310423
0.00165225
0.0209983
0.0013055
0.0300614
0.00313503
0.00447793
0.00208328
0.0241116
0.0261716
0.000358657
0.00357233
0.00150557
0.017312
0.00128015
0.00198964
0.00436653
0.00590603
0.000310394
0.00411248
0.0013515
0.00127829
0.000216985
0.000297145
0.00185537
0.000894642
0.000348248
0.000687265
0.00156593
0.00365026
0.00100689
0.011273
0.00468229
0.000890696
0.000301262
0.00427315
0.0220959
0.0103116
0.00191092
0.0105911
0.00363368
0.00384586
0.00703971
0.0144237
0.00612582
0.000248354
0.00126598
0.00210141
0.000811047
0.0268261
0.00291463
0.00103588
0.0137604
0.00271576
0.00151058
0.00980259
0.00785248
1.52719e-05
0.00850783
0.00194735
0.00310644
0.000619668
0.0087437
0.00429251
0.00625531
0.00306168
0.00183891
0.0139896
0.0116541
0.00591454
0.01756
0.00399212
0.0198978
0.0070602
0.000920186
0.00282817
0.00276445
0.0180259
0.000673261
0.00119067
0.0098867
0.0109615
0.0134874
0.000637266
0.00443699
0.00548769
0.0144397
0.00195971
0.00517613
0.0130718
0.0021818
0.00239925
0.0135977
0.00882009
0.00129289
0.00222703
0.0102879
0.0122497
0.00695517
0.0128825
0.0017422
0.00233692
0.0120404
0.000493934
0.00969816
0.0021853
0.00348402
0.00260982
0.0121219
0.00204013
0.0203008
0.00756688
0.00133547
0.00276963
0.000429385
0.000397892
0.00923788
0.0015254
0.00134045
0.00967041
0.0220252
0.000132828
2.48166e-05
0.000106265
0.0078383
0.0268685
0.0183398
0.00117138
0.0354397
0.00433306
0.000841914
0.00132807
0.00154632
0.0215367
0.00312044
0.00760619
0.00157351
0.00305555
0.0042997
0.00617702
0.00119221
0.00716713
0.00127863
0.00311864
0.0261634
0.0117449
0.000921076
0.00649397
0.00764553
9.94863e-05
0.00612582
0.00472649
0.00555699
0.00129385
0.0063953
0.00140857
0.00449659
0.00344425
0.00236061
0.00197108
0.00205624
0.000419408
0.00895777
0.0115995
0.00297241
0.000670915
0.00111376
0.000397388
0.00771044
0.00719877
0.00414849
0.00327696
0.00984294
0.000439804
0.000157061
0.000324328
0.00476985
0.00252317
0.0219523
0.000477033
0.00629371
0.000904146
0.0104507
0.00520383
0.00290827
0.00534501
0.0101506
0.0201859
0.00833195
0.00854183
0.000602868
0.0104841
0.010029
0.000128102
0.00783264
0.00336575
0.000551458
0.000139808
0.0258122
0.0141592
0.0118291
0.00989035
0.00183297
0.000267464
0.00666394
0.0049291
0.00152741
0.00170192
0.00211654
0.0319517
0.00078416
0.00189657
0.000542408
0.00727215
0.00389727
0.00830443
0.0259624
0.000300448
0.00132925
0.00962062
0.0206031
0.000348408
0.0236637
0.00192398
0.0046425
0.00910367
0.0068048
0.0239118
0.000160938
0.000296683
0.00363079
0.0077955
0.00315085
0.00643592
0.00119697
0.0093882
0.00217719
0.00274984
0.0131517
0.00675342
0.00708591
0.000176298
8.55801e-05
0.00249695
0.010968
0.00247387
0.00350145
0.0165911
0.0133704
0.0042652
0.00216009
0.00184216
0.000532447
0.00137954
0.00733079
0.00702172
0.000538977
0.00313388
0.000298047
1.50446e-05
0.00870178
0.0129306
0.00448301
0.00900901
0.00310577
0.00250278
0.000542895
0.00441828
0.00300711
0.00922038
1.4872e-05
0.00734329
0.00276858
0.0194453
0.0116225
0.00344536
0.000445779
0.00313902
0.000110826
0.0109633
0.00440471
0.000144563
0.00974016
0.00868496
0.00620716
0.000307584
0.00522733
0.00116583
0.000443926
0.00082145
0.00546766
0.00892802
0.00580792
0.00750709
0.00160601
0.0161979
0.00116889
0.0130213
0.000390866
0.00155445
0.000474806
0.0188383
0.00760293
0.00672687
0.0069867
0.0189609
0.000975938
0.0015326
0.00532226
6.00389e-05
0.0120655
0.000537539
0.00584705
0.00107987
0.00958879
0.02081
0.000401801
0.000449402
0.0206638
0.00909489
0.00206789
0.0193331
0.00203928
0.00414831
0.00390963
0.000636013
0.000443825
0.00201307
0.0106702
0.0017282
0.0141789
0.00406898
0.00300362
0.001126
0.00545809
0.000480654
0.000708321
0.0151093
0.0194502
0.000548281
0.00184023
0.00101983
0.0034281
0.00178019
0.0101838
0.015403
0.00823839
0.000115395
0.00310309
0.00124538
0.000945901
0.000524063
0.0027119
0.000357293
0.0114843
0.000850976
0.00053494
0.0151825
0.0179582
0.0127212
0.00378323
0.00334232
0.012603
0.0183349
0.00328666
0.0161291
0.0125966
0.00118571
0.0194703
0.0275302
0.003662
0.000196729
0.000199462
0.00316526
4.89628e-05
0.0151481
0.00447641
0.00016337
0.00450266
0.0232438
0.00827178
0.00402008
0.00386613
0.00827708
0.00342421
0.0467134
0.00115415
0.0141084
0.00188818
0.00211675
0.00136185
0.000936378
0.0107576
0.00592493
3.96321e-05
0.0114395
0.0242002
0.00458
0.0169218
0.00069215
0.000286761
5.0166e-05
0.00458433
0.00990894
0.00291383
0.00247689
0.00904024
0.000241214
0.00589661
0.00050214
0.00225421
0.0118714
0.0129814
0.000181036
0.000418689
0.00292773
0.00312858
0.00190957
0.00895592
0.00649703
0.0108747
0.0138539
0.00104189
0.000383977
0.0145188
0.000777001
0.00517661
0.0039661
0.00200878
0.000147126
0.00739809
4.15023e-05
0.00383233
0.000763662
0.00100591
0.0203421
0.00575138
0.000741065
0.00112611
0.00392866
0.00837618
3.02832e-05
0.00281021
0.00565
0.00177922
0.0168703
0.0143034
0.0025572
0.00204534
0.000240562
0.00740364
0.00396438
0.00604611
0.0191097
1.24859e-05
0.00217862
0.00704066
0.00394966
0.00213035
0.000146162
0.00318859
0.000435842
0.00681
0.00503158
0.00022497
0.000201342
0.000446641
0.00360197
0.00158128
0.000177575
9.45457e-05
0.00805693
0.000219864
0.00232599
0.00958217
0.00222094
0.000163472
0.000347335
0.00225301
0.0055003
0.0243809
0.000108759
0.018
0.000137924
6.08144e-05
0.0164456
0.00216881
0.0337341
0.00151676
0.0046191
6.27703e-05
0.00342291
0.00075413
0.0222853
0.0224198
0.012989
0.00264893
0.019041
1.64142e-05
0.0120308
0.00218772
0.00231487
0.0052877
0.00140801
0.0259809
0.00502312
3.84457e-05
0.0071307
0.000978188
0.00855886
0.00173102
0.00244695
0.00682294
0.00859553
0.0049816
0.00599233
0.0149257
0.00932253
0.00227289
0.000234019
0.00179017
0.0100982
2.60219e-05
0.00398852
0.000203117
0.000981753
0.000322309
0.00114306
0.00288655
0.000634692
0.00407133
0.0031824
0.000164392
0.00105493
0.000976387
0.000334577
0.000542337
0.0119215
0.000464812
0.00983896
0.000586498
0.00271223
0.00446124
0.00989394
0.00120637
0.000108015
0.000600457
0.000928846
0.0143267
0.022346
0.00617909
0.00386567
0.00842663
0.0250468
0.0103866
0.000429824
0.00113912
0.0368265
0.0213728
0.0118055
0.0049854
0.000426013
0.00647547
0.000212418
0.0136122
0.00154841
0.0192766
0.000157812
0.00966029
0.0214823
0.00133056
0.00540099
0.00156041
1.30133e-05
0.00104876
0.00411973
0.00941719
0.00801303
0.00213149
0.00109831
0.00243876
0.0140376
0.000316386
0.00186402
0.0359089
0.00145108
0.000431055
0.000257837
0.00295782
0.00228389
0.00778484
0.00117367
0.0239285
0.00167864
0.00567433
0.00928081
0.00280213
0.00206288
0.00128629
0.0112851
0.000206892
0.0201972
0.00165145
0.00865251
0.0163966
0.0168054
0.000345594
0.011728
0.00515353
0.000396714
0.000340372
0.00225705
0.00305499
0.00273487
0.0312077
0.0030121
0.00290797
0.00930379
0.0315393
0.00121669
0.0153504
0.0013539
6.99024e-05
0.0084271
0.0112979
0.000270538
0.00118634
0.00233169
0.00542813
0.0182891
0.00613237
0.0009797
0.0024359
0.00499895
0.000902362
0.0136003
0.0139647
0.0014831
0.00632716
0.0157181
0.0055122
0.00367198
0.000572141
0.00370764
0.00314014
0.0150058
0.00153206
0.00153004
0.00257024
0.00044295
0.00274569
0.00247982
0.00146056
0.00508716
0.0110341
0.00455077
0.00107785
0.0003862
0.0110791
0.00622012
0.00230564
0.00177379
0.00842387
0.00771607
0.0028601
2.21433e-05
0.00499599
0.00812615
0.00635358
0.0163051
0.00285914
0.0068438
0.0004316
1.21312e-05
0.00698326
0.0117132
0.00823461
0.00330783
0.00259412
0.00119174
0.00127918
0.000447371
0.000260426
0.00776787
0.00133939
0.000231165
0.000632647
0.00217228
0.00411837
0.00313245
0.0164209
0.000848377
3.34814e-05
0.00553238
0.000382259
0.000906538
0.0236664
0.00166274
0.00210296
0.00110104
0.000839923
0.00145968
0.000723802
0.000355781
0.0146947
0.000135739
0.00208309
0.00338396
0.00511903
0.00599815
0.0113336
0.00039193
0.000137348
0.000912472
0.00309353
6.73279e-05
0.00378903
0.00324757
0.000177943
0.0224333
0.00810854
0.0081041
0.00345548
0.0111395
0.000591174
0.00203546
0.00161583
0.00202425
0.000160371
0.00329763
0.00855201
0.00516417
0.00055447
0.000559401
0.00100023
0.0182403
0.00321533
0.00206407
0.00260842
0.00798277
0.00118369
0.00056707
0.000613964
0.000324852
0.00654994
0.00480979
0.0152166
0.000234736
0.000407055
0.0154456
0.00589505
0.00669609
0.000619889
0.00376421
0.00388034
0.0129428
0.000513407
0.0133233
0.00200397
0.0120643
0.00425672
0.00207804
0.00238037
8.12574e-05
0.000608639
0.0036928
0.00119072
0.0140324
0.000273632
0.0138334
0.0102096
0.000184148
0.00493517
0.00188563
0.0154214
0.0407492
0.00263376
0.0171076
0.00125925
0.00148533
0.00125882
0.00512147
0.000488383
0.00825781
0.00478764
0.00220242
0.0186846
0.00371276
0.0113495
0.000649742
0.00939665
0.000117185
0.00135259
0.000708155
0.00266607
0.000713698
0.0029046
0.00582373
0.0062663
0.00204795
0.00472406
0.00304599
0.00977578
0.0117232
0.000425778
0.00688886
0.00240949
0.00165
0.00515952
0.00693747
0.000744024
0.00146593
0.0013511
0.00900232
0.00677769
0.00505202
0.000332348
0.00568495
0.00025731
0.00677632
0.000610027
0.000310541
0.00254954
0.00341342
0.00599712
0.000107973
0.00401161
0.000413133
0.00839748
5.66567e-05
0.000527395
0.00032486
0.00296302
0.000498226
0.00552252
0.00539893
0.00575328
0.00773902
0.00221182
0.00639385
0.00194343
0.00105928
0.0014693
0.00170159
0.00137838
0.00447997
0.00033942
0.00741206
0.00832176
0.0100408
0.00294025
0.00513255
0.0295693
0.00550911
0.000587094
0.00120228
0.00134092
0.0134127
0.000649559
0.00114183
0.000138147
0.000545697
0.000875804
0.00143894
0.0132053
0.010575
0.000421205
0.00146954
0.000825954
0.0118235
0.0041544
0.00468257
0.00212965
0.000970564
0.00402966
0.00390351
0.000321557
0.00301344
0.0235491
0.00946711
0.00307655
0.00100453
0.0043062
0.0092668
0.0109105
0.00146408
0.000356877
0.0160027
0.00297046
0.00363224
0.000911114
0.0130614
0.0079735
0.0106543
0.0018683
0.00202581
0.00426082
0.00287887
0.00665996
0.0117966
0.00263301
0.000249753
0.0153586
0.00039967
0.0107098
0.00496667
0.000255245
0.0021769
0.0123981
0.0023322
0.00396177
0.0162505
0.00353991
4.11569e-05
0.0132883
0.00773291
0.00116808
0.00206888
0.00177711
0.00210577
0.00115684
0.000883476
0.0149153
0.000455632
0.00120365
0.00153748
0.0152166
0.00216765
0.0014048
0.00271941
0.00452463
0.0180264
0.0177071
0.0134628
0.00108235
0.00526272
0.00379954
0.00190414
0.0269456
0.00865017
0.00410818
0.000326387
0.00194919
0.00215386
0.00796872
0.00197842
0.00712648
0.000182531
0.00962659
0.00897009
0.0102336
0.001236
0.00145118
0.00238218
0.000230991
0.00134274
0.0103223
0.000468948
0.00205901
0.0010708
0.000270728
7.01337e-05
0.00737883
0.00181045
0.000546787
0.00118167
0.000705429
0.00642891
0.0181969
0.00635825
0.0010496
0.00224781
0.000100705
0.0123647
0.00129481
0.00624154
0.0155867
0.00143023
0.00692808
0.00641371
0.00337947
0.00234686
0.0169536
0.00130586
0.00314835
0.00063271
0.00136696
0.0186819
0.00152281
0.0026161
0.00194299
0.000394502
0.00060689
0.000769848
0.000330088
0.00556131
0.000471962
0.00154428
0.00445748
0.00759718
0.00148474
0.00606996
0.0017143
0.00484848
0.000180666
0.0027615
0.00305171
0.00722716
0.00656373
0.00263192
0.00104948
0.000322462
0.00135703
0.00809241
0.000121473
0.0355942
0.00157667
0.00727725
0.00490718
5.3408e-05
0.00210007
0.000342904
0.000329472
0.00830872
0.00832392
0.0145667
0.0148752
0.0177123
0.000309807
0.00241712
0.00105181
0.00062543
0.00303483
0.00370473
0.00647572
0.0003413
0.00605462
0.000243653
0.0166518
0.000529173
0.00213537
0.00248867
0.00111168
0.00257252
0.00537638
0.00268093
0.00749762
0.00288788
0.00237125
0.0159794
0.00514008
0.00332015
0.00198207
0.00233361
0.00276982
0.00324595
0.00230888
0.000259898
0.00442412
0.025427
0.00162469
0.000823498
0.00404952
0.00352066
0.00265898
0.00068136
0.00213118
0.0140969
0.000150536
0.00575148
0.0035019
0.00305891
9.37512e-05
0.00295285
0.00315552
0.000589348
0.0011722
0.00771304
0.00311863
0.00970374
0.00046013
0.0203999
0.00127674
0.00279932
0.0268975
0.0156859
0.0127728
0.000785851
0.000322133
0.00665727
0.000644825
0.000495607
0.00148836
0.00169645
0.00931386
0.00161349
0.00014406
0.00278085
0.0141005
0.00139587
0.000745284
0.00117444
0.00747657
0.0132424
0.000238363
0.0049428
0.000710171
0.00760314
0.000749029
0.00219606
0.00589629
0.00725568
0.0209051
0.0164844
0.000285095
0.000951456
0.00242035
0.020037
0.0164393
0.00389089
0.000163812
0.000288457
0.0015553
0.00679102
0.0147625
0.00360937
0.0237364
0.000272448
0.000757896
0.000356303
0.00646614
0.00879667
9.6922e-05
0.00586717
0.00560205
0.00946391
0.00796704
0.000188893
0.0125504
0.00845877
5.71533e-05
0.0134113
0.00025547
0.00014114
0.00100528
0.0101379
0.0207828
0.000250092
0.00636716
0.00348306
0.00969932
0.00347595
0.00288349
0.000557995
0.0190572
0.000985458
0.00467588
0.000963334
0.00670354
0.00075018
0.00289029
6.25974e-05
0.000425142
0.00244483
0.00236903
0.000776749
0.000774164
0.00801671
0.000596502
0.00340694
0.00268877
0.00192698
0.00070045
0.0131627
0.0046263
0.0007983
0.000425325
0.000121036
0.0272425
0.00773719
0.00795972
0.00101117
0.0029255
0.00128588
0.00167141
0.00157571
0.0260308
0.000352458
0.0020057
0.000703198
0.00867323
0.00922845
0.0057433
0.0217582
0.00297773
0.0022298
0.000569114
0.00363753
0.000254932
0.0033127
0.00799688
0.000100294
0.00130557
0.00460658
0.0109166
0.000338223
0.00714966
0.00061257
0.0220002
0.00189041
0.0145538
0.00982381
0.000240699
0.0085016
0.0109954
0.00776198
0.00361147
8.51454e-05
0.00770494
0.0160224
0.00157453
0.00720494
0.00635336
0.00273098
0.000137601
0.00775152
0.0197402
0.0266555
0.000522691
0.00417438
0.00208335
0.000463387
0.00887175
0.0023363
0.00053807
0.00106152
0.00143046
0.00388198
0.0127245
0.000264754
0.00358712
0.0109244
0.0101011
0.00976505
0.00378518
8.13924e-05
0.000380367
0.00682904
0.00116288
0.000366915
0.0130196
0.00731884
0.000486011
0.0711303
0.000343658
0.00672117
0.00543616
0.0148722
0.00114977
0.00100444
0.0151206
0.000660866
0.00242397
0.00199074
0.00384565
0.00346391
0.0036422
0.00120953
0.00213601
0.000542102
0.014668
0.000588932
0.00554218
0.000114975
0.000533134
0.00146516
0.00275617
0.00883988
0.00154373
0.00199265
0.00136485
0.00214814
0.00067061
0.00215189
0.00196325
0.00606798
0.000662532
0.00225411
0.000786891
0.0194899
0.00474196
0.00480188
0.00725104
0.00747592
0.00504123
0.000626446
0.00125688
0.00444055
0.00222979
0.00854509
0.00498215
0.00166189
0.00473364
0.00120506
0.000973438
0.00066033
0.0199468
0.0207952
0.00382248
0.0110005
0.0128414
0.0112988
0.000482768
0.0074061
0.00158853
0.000487971
0.0123569
0.00370379
0.00815708
0.00468985
0.00508418
0.000409543
0.000258025
0.00214797
0.00516146
0.00206322
0.000189033
0.000382673
0.0152707
0.00411563
0.0135567
0.0136866
0.0228585
0.000217377
0.0169573
0.0137616
0.00268545
0.0011114
0.00921465
0.00697638
0.00267911
0.000186951
0.00424663
0.00656391
0.0245405
0.00244035
0.00419089
0.011499
0.0044277
0.00119714
0.00228053
0.000903351
0.000783466
0.00120707
0.0017832
0.00847306
0.00250639
0.000450378
3.18536e-05
0.0138443
3.99394e-05
0.000519829
0.00538823
0.000151908
0.00059085
0.00394793
0.00882762
0.0224806
0.00940823
0.000415031
0.0013622
4.77093e-05
0.000732888
8.65786e-05
0.00382899
0.00793674
0.00115221
4.41274e-05
9.0196e-05
0.0025572
0.00211133
0.00117905
0.0026194
0.00291577
0.00665169
0.00667855
0.00629364
0.000121797
0.0265895
0.000408019
0.000774095
0.00784069
0.0105087
0.00131389
0.000239044
0.00760539
0.00622166
0.00805704
0.00797867
0.00211498
0.00324642
0.00405076
0.0133084
0.000993189
0.000328683
0.000317362
0.00157033
0.000295355
0.0081619
0.00928163
0.00489549
0.00141629
0.000412928
0.000276874
0.00089174
0.000365888
0.00686702
0.00497563
0.00894215
0.00664335
0.00744732
0.0154039
0.00343498
0.0113455
0.00100814
0.00704329
0.00337979
0.00352666
0.0383497
0.000726005
0.000306561
0.00483313
0.00788149
0.00304794
0.0430016
8.19363e-05
0.00135066
0.000863792
0.0129503
0.000365329
0.00295465
0.0112848
0.00497311
0.00882812
0.0076313
0.00447422
0.00154625
0.00115865
0.0203073
0.00035649
0.0013299
0.00236686
0.00358155
0.00581161
0.00458674
0.00329076
0.00227039
0.00789541
0.00205303
0.00298554
0.000502754
0.00172037
2.69146e-05
0.000129492
0.000486483
0.00421645
0.00273568
0.0187074
0.00663414
0.0052968
0.00108796
0.00258665
0.00129695
0.00395957
0.00104795
0.00884476
0.00112674
0.0148084
0.00189084
0.00560116
0.0132187
0.00192025
0.000127637
0.000478925
0.00358508
0.00539897
0.00186385
0.00924392
0.00579651
0.00358081
0.00389977
0.00236732
0.0191162
0.000708201
0.00769085
0.00238647
0.000176177
0.00235405
0.0110447
0.000323417
0.00098799
0.00351525
0.000219934
0.00550449
0.00143276
0.00205338
0.0265084
0.000696205
0.0102147
0.000791054
0.019539
0.000648654
0.00519322
0.00137475
0.0027573
0.00618846
0.000579078
0.000404233
0.000483426
0.000684034
0.00470881
0.00938785
0.000208824
0.00749112
0.000578807
0.00208998
0.00676817
0.0336586
0.00794729
0.00199563
0.00728942
0.0147121
0.0105863
0.00020546
0.00133522
0.000194885
0.00351809
0.000286046
0.00333328
0.00187103
0.0037594
0.00300182
0.00115117
0.000556154
0.00715192
0.00310292
0.00377996
0.00104982
0.0169696
0.000270942
0.00224252
0.00339259
0.00349325
0.0013754
0.00651883
0.0060284
0.00451782
0.00139613
0.012543
0.00118481
0.00954403
0.00112182
0.00563441
0.00807251
0.000221942
0.00124209
0.00402893
0.000957299
0.000664376
0.000207642
0.00069118
0.00988738
0.00143305
0.0026635
0.00105113
0.00546604
0.00356097
0.00763619
0.000167155
0.00107558
0.0100772
0.0158586
0.00137064
0.00130639
8.30057e-05
0.00114658
0.000476653
0.00124956
0.0134371
0.000453457
0.000480667
0.00476156
0.00344373
0.00040128
0.0083641
0.00415917
6.98152e-05
0.0244088
0.008334
0.00116138
0.0166601
0.00284611
0.000415362
0.000313896
0.00925063
0.0155477
0.00885411
0.0048924
8.51176e-05
0.000310256
0.000222626
0.000661874
0.00120108
0.000198572
8.12501e-05
0.00860158
0.0110396
0.00223092
0.000904097
0.0128687
0.0079959
0.00386211
0.00217885
0.00565013
0.00114576
0.0112313
0.000286662
0.000605306
0.000488635
0.00135772
0.00150542
0.000606491
0.000309995
0.000250031
0.00267652
0.00482987
0.000594886
0.0100741
0.00233162
0.00358587
0.000411693
0.000804421
0.0104443
0.00620101
0.0102209
0.00192686
0.00351337
0.00217299
0.000395535
0.00185355
0.000261328
0.000939513
0.00150074
0.00178223
0.00387545
0.00979227
0.000199772
0.00121217
0.00841176
0.00173574
0.00131019
0.00139947
0.00434696
0.00131225
0.0012023
0.000256707
0.000270624
0.000453507
0.00439528
0.0023732
0.00727034
0.00611685
0.00474267
0.00495426
0.000960333
0.00179858
0.000392535
0.00285011
0.0034859
0.00515297
0.01569
0.008437
0.000491815
0.00614711
5.98794e-05
0.00367927
0.00274392
0.00320907
0.000210083
0.00084186
0.00820267
0.00612819
0.000789301
0.0015947
0.0211778
0.0211708
0.00168531
0.0109821
0.00305166
0.00111613
0.000429583
0.00206207
0.000282558
0.00226518
0.000817825
0.00711623
0.00248777
0.00041359
0.00297426
0.000285172
0.000824021
0.000995782
0.00272891
0.0014051
0.00384842
0.000888557
0.00189283
0.000283365
0.000844034
3.15306e-05
0.00126633
9.00974e-06
0.0253547
0.0137096
0.00284991
0.00492119
0.0120743
0.0167908
0.00536674
0.00979006
0.0209163
0.00166633
0.00125102
0.00445715
0.00159337
0.00449815
0.0041055
0.00278325
0.00444047
0.00665108
0.00502918
0.0025426
0.00117883
0.00469954
0.00366335
0.00313532
0.00462306
0.00104011
0.000455526
8.4564e-05
0.000205542
5.57235e-05
0.0225108
0.000877482
0.000885122
0.000897377
0.000729551
0.000601166
0.00435139
0.00752763
0.000485602
0.0160556
0.00029243
0.00522184
0.000949213
0.00650476
0.00562611
0.000547453
0.00464659
0.00231191
0.0094017
0.00104695
0.00255588
7.40209e-05
0.025601
0.00915436
0.00369067
0.000346386
0.00150564
0.0178832
0.0103958
0.00103819
0.00788779
0.00249337
0.025641
0.013257
0.00246777
0.00315868
0.0322973
0.00012422
0.000101503
0.000908669
0.00180718
0.00248975
0.0412346
0.0063298
0.00150433
0.000232592
0.00626506
0.000606355
0.000909946
0.00180458
0.00234211
0.000233704
0.000764796
0.00166234
0.00720875
0.0223258
0.0112036
0.000287871
0.00340124
0.0157378
0.00198158
0.0123475
0.0114161
0.000773636
0.000466448
0.00306361
0.0173581
0.00277583
0.00146845
0.00139849
0.00150803
0.0187856
0.000329503
0.00325712
0.0016736
5.72554e-05
0.00726244
0.000430085
0.00492178
0.00906976
0.00243964
0.0214175
0.00332908
0.00488105
0.00120128
0.00556471
0.00352417
0.00124928
0.00204609
0.0010001
0.00114034
0.00830764
0.000149641
0.00900713
0.000633857
0.00344301
0.00679262
0.00227308
0.000211542
0.000550956
0.000330632
0.000712342
0.00954844
0.000606706
0.0257529
0.00284851
0.000441948
0.003877
0.000176684
0.00171349
0.000438263
0.0131256
0.0212262
0.0256267
0.00471355
0.0118417
0.00172689
4.33937e-05
0.014563
4.36892e-05
0.00323527
1.65472e-05
0.0259605
0.00243438
0.0085317
0.00945618
0.00410472
0.000461421
0.00768099
0.00380707
0.0057968
0.000875038
0.000387566
0.000119989
0.00601967
0.00391373
2.51714e-05
0.0114694
0.0010786
0.0012529
0.000126801
0.00249582
0.00676643
0.00480941
0.00499742
1.2349e-05
0.00351219
0.0134986
0.0080602
0.000481586
0.0142402
0.00226301
4.88354e-05
0.00191001
0.000246448
0.00770588
0.00105671
0.00272466
0.00184934
0.0147759
0.00181364
6.48863e-05
0.0448903
0.011705
0.00647876
0.00600644
0.00256239
0.00597527
0.00909768
0.00353075
0.00691178
0.0022288
0.00602802
0.0146002
2.92398e-05
0.00156713
0.0109343
0.000485443
0.000102479
0.00403786
7.31305e-05
0.00106561
8.98375e-05
0.0102783
0.0153831
0.0169743
1.92006e-05
0.000832435
0.00183824
0.0193303
0.00048626
0.00257852
0.0011285
0.00804122
0.00321563
0.00551062
0.00104554
0.00350647
0.00393716
0.00128485
0.0111045
0.00657707
0.00113596
0.00802427
0.000205156
0.0123634
0.00320427
0.000336488
0.000908967
0.00773003
0.00152739
0.000118714
0.000191218
0.00158948
0.00922206
0.000683595
0.0180225
0.0172079
0.00264639
0.00966175
0.00164281
0.000383481
0.00108259
0.00746243
0.00028624
0.00227301
0.000221796
0.00023862
0.000579956
0.00363381
0.000965959
0.0066881
0.00113203
0.00601599
0.000987859
0.00179394
0.00610802
0.00153804
0.000202127
0.00525198
0.00661757
0.00135581
0.00213325
7.17152e-05
0.00511531
0.00404845
0.000505565
0.0144942
0.000338232
0.00235592
0.000673555
0.000583323
7.09184e-05
0.000340428
0.00823857
0.00119216
0.00178944
0.00294553
0.000743027
0.0089368
0.000417746
0.000171413
0.0107698
0.00346453
0.00829362
0.00166712
0.00160721
0.00265833
0.0128798
0.00815295
0.00333855
0.00124489
0.000928079
0.00601908
0.0277662
0.000253163
0.00451607
0.000676644
0.00215589
0.0101981
0.00208038
0.00165733
0.000682729
0.00207491
9.29737e-05
0.00189231
0.0089352
0.0107985
0.00449643
0.0106474
0.000929411
0.000302357
0.00879462
0.00493411
0.00224086
5.18764e-05
0.000436678
0.0103462
0.00178639
0.00402397
0.022238
0.00558038
0.00365221
0.0145219
0.00573665
0.00380739
0.0171153
0.00116762
0.0180037
0.00819764
0.00174084
0.00274787
0.00112832
0.0186677
3.84877e-05
0.0164959
0.000804026
0.00131974
0.0143252
0.00870356
0.00108994
0.00263255
0.00784964
0.000314185
7.17568e-05
0.00010278
0.00168905
0.00654951
0.00251819
0.0179857
0.0232663
0.000397373
0.0103892
0.00276137
0.00143944
0.000766591
0.0205804
0.00305831
0.0240543
0.000104885
0.000267261
0.000155423
0.00263874
0.0127359
0.00118367
0.00272125
0.00739502
0.00183389
0.00128889
0.00134594
0.0168453
0.0180389
0.0217713
0.000953225
0.000818541
0.000177194
0.0172065
0.00162414
0.011982
0.000405537
0.00263087
0.00207416
0.0153817
0.00384185
1.86714e-05
0.00444717
0.00182001
0.00118679
0.000117958
0.000794107
0.0157496
0.0023921
0.000518742
0.0046222
0.001301
0.00110815
0.00433468
0.00164887
0.000537492
0.00249789
0.00121957
0.000393421
0.000459701
0.00874178
0.00457309
0.000982817
0.000820727
0.00783547
0.00686419
0.00173218
0.000515242
6.57535e-05
0.000481151
0.000216972
0.0114023
0.0204668
0.0126717
0.00238138
0.00584469
0.00178941
0.0129584
0.023225
0.00187858
0.0149534
0.0122339
0.000477024
0.00108848
0.00859888
0.00826242
0.00252565
0.00199203
0.00130029
0.000670133
0.00101491
0.00168044
0.000183687
0.000333909
0.00282484
0.00288094
0.0232863
0.00125641
0.00156201
0.000395101
0.0062939
0.00243947
0.00351353
0.00167757
0.000443463
0.000106773
0.000855156
0.00270173
0.000929366
0.0178935
0.000981954
0.00114965
0.0056124
0.00454806
0.000516569
0.00366102
0.000165557
0.00573771
0.00916292
0.00102123
0.00339396
0.00116084
0.00591703
0.00162656
8.04584e-05
0.0024004
0.000986317
0.000798673
0.00160659
0.0417831
0.00133356
0.00269889
0.00199955
0.00267514
0.0098371
0.00586417
0.00058082
3.23822e-05
0.000392015
0.000255801
0.000270909
0.000989955
0.00338138
0.00867972
0.00730005
0.00658424
0.00574577
0.000714426
0.00446708
0.0034637
0.00205982
0.000166092
0.000103862
0.0137573
0.000591199
0.000313142
0.000123838
0.0105776
0.0051903
0.011072
0.000276685
0.000989106
0.0132835
0.000942056
8.65717e-05
0.00115177
0.000823248
0.00109892
0.0128815
0.000145491
0.00870693
0.00395803
0.00247916
0.00762936
0.000805522
0.00192152
0.000534749
0.000143057
0.00159391
0.0197908
0.00513001
0.000233967
0.0106302
0.00262065
0.00273819
0.0012906
0.00023433
0.00167059
0.000222934
0.00410351
0.000492785
0.00963914
0.00418064
0.00278829
0.00743735
0.00377118
0.00267075
0.00142671
0.00486407
0.0167041
0.000137267
6.65468e-05
0.00240612
0.000245289
0.000142489
0.00128094
0.00616269
0.00185006
0.00764072
0.00377058
0.00156649
5.61072e-05
0.0125607
0.00563202
0.000209779
0.00033583
0.00114841
0.0097167
0.00794706
0.000138916
0.00162723
0.00460347
0.000456269
0.00401275
0.000903644
0.0130698
0.00124972
0.0176194
0.010812
0.016083
0.00085708
0.00463582
0.00257631
0.00769793
0.0101539
0.00482135
0.00132745
0.0134815
0.00348582
0.00439395
0.00179063
0.00264491
0.000497328
0.0076261
0.00636579
0.00651571
0.000505565
0.000529074
0.000721846
0.000129305
0.00921345
0.0012856
0.000536518
0.0257958
0.00781567
0.000377713
0.00126861
0.000169222
0.00609832
0.000603727
0.000904789
0.00415891
8.22243e-05
9.975e-06
0.00107418
0.0132413
0.000668829
0.000162047
0.00168995
0.0206013
0.000380599
0.0171836
0.000457341
0.00594848
0.0012587
0.000886906
0.00605972
0.0151112
0.0101818
0.0170709
0.00425153
0.0166546
0.00191769
0.00675058
0.00285957
0.00048674
0.000486738
0.00207569
0.00964382
0.00374381
0.00332536
0.00448448
0.00710527
0.000150985
0.00132949
0.00106472
0.000571212
0.00859543
0.00123976
1.48212e-05
0.0015583
2.12661e-05
0.0141613
0.0112666
0.00578894
0.000137838
0.00260542
0.000599572
0.00287267
0.000169439
0.000230337
0.015462
0.000894661
0.00191783
0.00255972
0.00173715
8.16215e-05
0.000415809
0.00418142
0.0123031
0.000322704
0.00129692
0.000864806
0.00115701
0.00089254
0.00189767
0.0243727
0.00113671
0.00488848
0.0015949
0.00844327
0.000635827
0.00163832
0.00622479
0.0157738
0.00516244
0.00215222
0.0152336
0.00404066
0.00512534
0.0162272
0.0152958
0.00586967
0.000305899
0.00417392
0.000627602
0.00362509
0.00170796
0.00225184
0.00910332
0.00245124
0.00763191
0.0149233
0.0138395
0.00156934
0.00111308
0.0036735
0.000921587
0.00763653
0.00270437
0.00868493
0.00610605
0.00570388
0.00237187
0.0535794
0.000696412
0.0288092
0.0133755
0.000565016
0.00452207
0.000659783
0.00183367
0.00420821
0.00470554
0.00714165
0.00767706
0.00045163
0.00164389
0.0103341
0.000662897
0.0026328
0.00012396
0.00194754
0.00353376
0.00965819
0.00454765
0.000221283
0.0222302
0.00103061
0.00857165
0.0027514
0.00149366
0.0136339
0.0075664
0.000362643
0.00292519
0.00172555
0.00360564
0.000667356
0.00142157
0.00608549
0.0298412
0.000313857
0.0189906
4.61486e-05
0.00409423
0.0179
0.00260155
0.00320875
0.0183423
0.000949401
0.00513752
0.00570783
0.00380066
0.000455161
0.00163122
0.000282787
0.0134769
1.47174e-05
7.35895e-05
0.0162851
0.000813356
0.000684253
0.00528215
0.00240341
0.00246513
0.00374317
0.00815437
0.00912435
0.00188955
0.000112832
0.000109207
0.00174526
0.00741493
0.0138836
0.000198075
0.000471065
0.0209281
0.0150891
0.00247317
0.00429481
0.00687142
0.011677
0.00513567
0.00102204
0.0237473
0.000164639
0.0177832
0.0143062
0.000284577
0.00326927
0.012767
0.0108
0.00536438
0.00253146
0.00984893
0.00288386
0.00338949
0.0067699
0.00192564
0.0071565
0.0127763
0.000272183
0.00606089
0.00145264
0.0109943
0.00607983
0.0150206
0.0060527
0.014188
0.00361991
0.00365072
0.00273886
0.000598277
0.00490402
0.01413
0.00376615
3.86355e-05
0.00218774
0.000154117
0.00214905
0.00498542
0.0102657
0.00135272
0.0142747
0.000288061
0.00122653
0.00158989
0.000604349
0.00436987
0.000643565
0.0147132
0.00617722
0.0293359
0.000264064
0.000580634
0.000380952
0.0016914
0.023307
0.000178841
0.000238405
0.000117597
0.0431768
0.000116423
0.00538691
0.00221172
0.000437804
0.00059514
0.000623012
0.000124037
0.0117357
0.00479214
0.00560157
0.0112985
0.00529788
0.00655324
0.00534565
0.000516537
0.0072113
0.00430168
0.0212031
0.000405073
0.00715733
0.00721103
0.0130616
0.000283584
0.00551644
0.000425518
0.000358845
0.00108611
0.0172695
0.00981009
0.00368247
0.000358078
0.00523463
0.00592459
0.0145915
0.002497
0.00568175
0.000222231
0.00847805
0.00158718
0.00993371
0.0154544
0.00428643
0.0152196
0.00616679
0.00133534
0.00245275
0.0010694
0.00827553
0.00254738
0.0230085
0.00236843
0.00281922
0.00404476
0.00190423
0.017239
0.00776451
0.00745074
0.000837232
0.0277066
3.67972e-05
0.00108737
0.00671116
0.000870931
0.00200083
0.00699006
0.0229781
0.0133356
0.000421896
0.000638444
0.00237216
0.00775206
0.000941762
0.0069358
0.00439207
0.0114514
0.0115492
0.000866826
0.00119875
0.000671223
0.00719953
0.000397583
0.00469697
0.000703077
0.00831842
0.0145769
0.000798784
0.0037703
0.000164221
0.000485229
0.00721313
0.00105059
0.00761648
0.00244173
2.61841e-05
0.0073373
0.00736309
0.00788793
0.00255866
0.00129097
0.0164204
0.0252486
0.00497666
0.00885394
0.0131596
0.00150532
0.00342199
0.00116169
8.31497e-05
0.00284579
0.00827645
0.015036
0.000459091
0.00906656
0.00028316
0.000621046
0.000638372
0.0079499
2.9589e-05
0.00112854
0.000289089
0.00711988
0.00305605
0.0100888
0.0113746
7.93469e-05
0.000660229
0.00212739
0.00138194
0.00600162
0.00033368
0.00118071
0.0060105
0.000774186
0.0068169
0.00668347
0.000145751
0.0148096
0.0199027
0.00743023
0.00217323
0.000575924
0.00011878
0.0113107
0.00284803
0.0193561
0.00504535
0.025202
0.0276899
1.33122e-05
0.0136867
0.00673854
0.000363304
0.00277284
0.0145308
0.00628076
0.00202767
0.00861558
0.00061551
0.00181148
0.0188551
0.00295702
0.000511781
0.000678061
0.00799763
0.00695745
0.00122036
0.0104926
0.0045932
0.000482981
0.000159595
0.00222701
0.00428513
0.00717752
0.00210883
0.00360785
0.00139691
0.00365185
0.00393092
0.0166536
0.00522754
0.00324281
0.0113086
0.0042073
0.0178261
0.007124
0.00382281
0.000362241
0.00497683
0.00744234
0.00112067
6.86448e-05
8.12634e-05
0.00616472
0.000716801
0.00170453
0.00018307
5.25799e-05
0.00465115
0.000100238
0.00744836
0.0012328
0.00140245
0.000237354
0.000104832
0.00655961
0.000192043
0.000624609
0.00138231
0.000430316
0.00907118
7.44763e-05
8.09164e-05
0.00252694
0.000319309
0.0117992
0.0010158
0.00334476
0.0036107
0.000424119
0.000108441
0.000195741
0.0036909
0.000771404
0.00200074
0.0183675
0.00140067
1.95429e-05
0.0075705
0.00126376
0.00521698
0.0001885
0.00010123
0.00221881
9.70244e-05
0.000141028
0.00595187
0.0088397
0.00486573
0.00389434
0.0413825
0.014902
0.0150229
0.00105677
0.00310109
0.000755361
2.53439e-05
0.000857003
0.00032253
0.000401994
0.000663228
0.00124637
0.0155288
0.00686732
6.88023e-05
0.000142855
0.00879812
0.00039941
0.00159548
0.00225476
0.00193693
0.00508413
0.00311861
0.00535452
0.000939799
0.000103184
0.00332239
0.00930325
0.00322591
0.00204118
0.00112087
0.0075471
0.000924072
0.000105094
0.00266595
0.020674
0.000100242
0.0132055
0.000163388
0.000689995
0.000478229
0.000404481
7.89017e-05
0.00826845
0.000345272
0.00495892
0.00375767
0.00120134
0.00109863
0.00195603
8.68122e-05
0.000403541
0.00446872
0.000161293
0.00398198
0.00120325
0.000922192
0.00096553
0.000145691
0.0157019
0.00199761
0.000445722
0.00182561
0.00178225
0.00495388
0.00063893
0.000108364
0.00685033
0.00308381
0.00134934
0.0125659
0.000376659
0.00757003
0.000502335
0.0195456
0.00088496
0.00183786
0.00604886
0.00173733
0.0102754
0.00256917
0.00107127
0.00740314
0.00343969
0.00428548
0.00125516
0.0026177
0.0116689
0.00130807
0.00335648
0.00913858
1.16786e-05
0.00187553
0.00639829
0.00127976
0.00720609
0.00220636
0.00503358
0.000782845
0.000566214
0.000425994
0.00375898
0.00270818
0.0101136
0.00149023
0.000153597
0.0245841
0.00135147
0.00166124
0.00102059
0.0073521
0.00533493
0.00518472
0.003715
0.00158494
0.00111865
0.00245556
0.00275691
0.00026439
0.0192237
0.00393558
0.0013845
0.00196354
0.00624605
0.000615139
0.00658384
0.000387947
0.00168651
0.00981084
0.000517845
0.00242731
0.0124916
0.0074565
0.00154987
0.00905318
0.000327807
0.00489439
0.00132448
2.43994e-05
0.000942197
0.00100308
0.0130613
0.000947761
0.00177929
8.26982e-05
4.59216e-05
0.00160293
0.00248371
0.00168127
0.00270691
0.000252103
0.00530071
0.000144671
0.0118859
0.00485047
0.00172517
0.000998201
0.00597223
0.000375423
0.000495641
0.00318331
0.00728346
0.00262935
0.000560951
0.0157076
0.000237357
0.00140909
0.001363
0.000819353
0.00441457
9.11607e-05
0.00675526
0.00382167
0.000120097
0.00247904
0.000836464
0.014257
0.000254887
0.0122025
0.00162199
0.000451369
0.00518116
0.00144166
0.000469723
0.00240204
0.0055123
0.000587146
0.0124164
0.000383352
0.00169245
0.00120428
0.00183446
0.00132958
0.000716006
0.00529201
0.0108726
0.00382786
5.91699e-05
0.000561761
0.00197212
0.0104318
0.00117411
0.000197768
0.000721034
0.00174552
0.00914437
0.0150973
0.000162683
0.0076672
0.00793969
0.000279982
0.00610341
0.000515198
0.000259447
0.00676043
0.0176637
0.00365794
0.00643112
9.28226e-05
0.00987083
0.00523285
0.00162374
0.00160129
0.01174
0.00304005
0.00660487
0.00245568
2.64756e-05
0.0120637
0.00238061
0.000301467
0.00185519
0.00325571
0.00124785
0.0076102
0.00188892
0.000127375
0.00100751
0.00167021
0.00681579
0.000910023
0.0135379
0.000678757
0.00620214
0.00854976
0.0030967
0.00174319
0.00232847
0.00780712
1.98352e-05
0.00172988
0.0118906
0.000239199
0.00721381
0.00441173
0.000615235
0.00136794
0.000177336
0.0129881
0.002265
0.00257613
0.00526268
0.00271626
0.000251832
0.00339239
0.0052515
0.000107836
0.00557832
7.79379e-05
0.00263922
0.000324066
0.00949766
0.0103352
0.018343
1.49215e-05
0.00260895
0.00601497
0.00923032
0.00756228
0.0261061
0.00180262
0.00490881
0.0195839
0.00769524
0.00695251
0.00645923
0.0206418
0.006491
0.000802205
0.000749472
0.00127194
0.00567318
0.00737456
0.00467191
0.00028336
0.0126339
0.0112805
0.00244712
0.00021076
0.00181412
0.00139337
0.000919866
0.00278391
0.00159597
0.00431607
0.00805661
0.00604589
0.0056038
0.0330537
0.0111174
0.00392577
0.00884183
0.00549219
0.000695473
0.00336313
0.00605557
0.000510484
0.00203874
0.00151058
0.0115625
0.00760061
0.0018609
0.00803339
0.00106821
0.0070667
0.00863258
0.00845674
0.00652444
0.00142231
0.00741515
0.0156147
0.0200696
0.00251266
0.00134057
0.00360629
0.000967759
0.00529557
0.00706785
0.00025384
0.0142835
0.000792917
0.0111033
0.000597286
0.00718787
0.00872035
8.1631e-05
0.01843
0.0145303
0.00535606
0.000102674
0.00544364
0.000786704
0.00100179
0.00685166
0.0007125
0.00121543
0.00475207
0.0144098
0.000285495
1.73845e-05
0.000250421
0.00182906
0.00317188
0.000432447
0.000818119
0.00381227
0.00783621
0.00018059
0.0259817
0.0125381
0.000819595
0.00232262
0.0011573
0.00266388
0.00269824
0.00716872
0.00189597
0.00212067
0.0018122
0.0237242
0.00442774
0.0107942
0.0086779
0.00269377
0.00153509
0.000127278
0.00305244
0.00139502
0.0183032
0.0070214
0.00322198
0.00282257
0.00422623
0.00147742
4.64677e-06
0.00649485
0.0009451
0.00357628
0.00283003
0.0272928
0.00361825
0.00197142
0.00391202
0.00536906
0.0134808
0.00225166
0.00650582
0.00702065
0.0044592
0.00173391
0.00338262
0.000162625
0.00225995
0.000426893
0.00415601
0.00186566
0.0294272
0.00405035
0.0035037
0.000313628
0.00447052
0.00989489
0.00659461
0.00447703
0.0052318
0.00175483
0.00496567
0.00918688
0.00860801
0.000596697
0.00109584
0.00284411
0.00255529
0.00128241
0.00286111
0.0196404
0.000920543
0.000735649
0.00439669
0.01714
0.0020691
0.0017852
0.00465733
0.00135852
0.000118457
0.00176507
0.000510292
0.000359394
0.0153235
0.00382783
0.00123641
0.0176395
0.0103392
0.0015372
0.00549852
0.00808517
0.0154039
0.00323406
0.00954523
0.0012534
0.00260493
0.000222206
0.000350005
0.00166492
0.00149995
0.00313431
0.00406737
0.0147937
5.5432e-05
0.0102822
0.00245435
0.0020079
0.000705848
0.0010929
0.0012878
0.00110505
0.0117755
0.00111977
0.00700368
0.0292169
0.00149798
0.00765035
0.0104771
0.000375378
0.00367907
0.00533833
0.000209339
0.00471953
0.00106206
0.000803454
0.00691685
0.00549878
0.0112693
0.0189505
0.00493138
0.0039733
0.00161805
0.0139126
0.00282637
0.0006404
0.00327412
0.000626784
0.000367749
0.00013458
0.000223855
0.00138275
6.82418e-05
0.00555779
0.00547509
0.00138408
0.000833301
0.00158346
0.00606503
0.00390858
0.0068462
0.00110141
0.000977939
0.00306485
0.000760223
0.0133551
0.000280464
0.000579434
0.00103393
0.00242669
0.0069713
0.000967723
0.00702807
0.000205032
0.0474386
0.00409587
0.0203888
0.000999463
0.0113986
0.000226387
0.000260362
0.0156042
0.00104559
0.00427058
0.00138769
0.000151957
6.94145e-05
0.00193027
0.0182425
0.0116257
0.00671221
0.0142398
0.00371232
0.00644886
0.000288542
0.00119745
0.00379297
0.00540772
0.0129845
1.9583e-05
0.00998362
0.000128735
0.00038789
0.00526545
0.0497583
0.000700781
0.00681661
0.00600182
8.92191e-05
0.0250831
0.0155308
0.000263939
0.0120062
0.00237047
0.00331488
0.00037548
0.00482269
0.000922121
0.00152772
0.007188
0.00110807
0.000144667
0.000635958
0.00191161
2.6569e-05
0.00479696
0.00269578
0.00490408
0.00440273
0.000123597
0.0122961
0.00088451
0.00033649
0.00103659
9.9199e-05
0.000813411
0.00234336
0.00483014
0.00221632
0.001998
0.00117222
0.00619998
0.000100554
0.0172732
0.000890163
0.00357
5.66809e-06
0.00408735
0.000351452
0.00425534
0.016985
1.48793e-05
0.0159722
0.00308428
0.0265137
0.00479188
0.00221701
0.000253309
0.00289234
4.8783e-05
0.0178703
0.00543384
0.000993855
0.008635
0.00104871
0.000173066
0.00661373
0.000399813
0.000315402
0.00539811
0.000370396
0.000591076
0.00277229
8.6861e-05
0.00513169
0.000419141
0.000680009
0.0041057
0.00600422
0.00681144
0.000142997
0.00135286
0.011383
0.000661584
0.00419506
0.00587472
0.0158939
0.00380036
0.00549957
0.000950345
0.000163278
0.013163
0.0294255
0.000693466
0.00134243
0.000145816
0.0205865
0.000833713
0.000342779
0.00616329
0.00955366
0.00170307
0.00101341
0.00346608
0.00603313
0.00676701
0.012836
0.00184957
0.00980356
0.000102625
0.000784026
0.000896517
0.000913462
0.000665627
0.000950145
0.00387
0.0011523
0.0019853
0.00719577
0.00061756
0.0103662
0.00152587
0.00964061
0.00969142
0.0064904
0.00239196
5.34648e-05
0.000229027
1.47678e-05
0.000883097
0.00622986
0.00369856
0.00268493
0.00115045
0.00032002
0.000594085
0.00997324
0.00443888
0.00057013
0.00030322
0.00511183
0.00127387
0.0149564
0.00138996
0.0142575
0.00199437
0.00452694
0.000262453
0.00623561
0.00790407
0.0128813
0.00218886
8.89011e-05
0.000150532
0.00862298
0.0043663
0.00319332
0.0100771
0.061128
0.000515971
0.00104401
0.011047
0.00432374
0.0178131
0.0348863
0.0140128
0.000180729
0.00132512
0.0135789
0.000394603
0.00113557
0.00113102
0.00984871
0.0113123
0.000180397
0.000691047
0.00837469
0.019865
0.0039308
0.0015608
0.00114666
0.00880228
0.00069988
0.000386625
0.0020769
0.00917804
0.00231901
0.00374489
0.000235641
0.00182781
0.0138745
0.00282745
0.00131916
0.0225342
0.0406473
0.0127222
0.000600574
0.0069311
6.26554e-05
0.000547105
0.00515558
0.00116711
0.00106375
0.000838695
0.00469413
0.000555994
0.000331446
0.000669542
0.0111851
0.000286205
0.000133142
0.000821964
0.00320813
0.00027406
0.0019378
0.00389442
0.000444691
0.0193593
0.00016363
0.00503349
1.35888e-05
0.012283
0.000170078
0.00827808
0.000152489
0.00060932
0.000343951
0.00742786
0.0047121
0.00384808
0.020269
0.000185308
0.0165963
0.00212914
0.000932222
0.00545712
0.000593914
0.00248713
0.00139193
0.00690864
0.00100092
0.0130778
0.000185963
0.00408816
0.000380514
0.000523923
8.80244e-05
0.000617842
0.0016699
0.00652146
0.000201271
0.00273774
0.000387468
2.7052e-05
0.00128888
0.0127152
0.00111984
0.00693669
0.000585378
0.000778747
0.000965294
0.00527184
0.00184887
0.0123222
0.00681639
2.32975e-05
0.00111999
0.00043365
0.0021841
0.00042554
0.0125335
0.00013581
0.00349403
0.0036797
0.000186969
0.00406348
0.00144073
0.00562733
0.00571177
0.000667662
0.00339732
0.000901851
0.00880103
0.00172549
0.00642852
0.000105238
0.00034591
0.00282387
6.85838e-05
0.00163148
0.00551827
0.000722508
0.0126606
0.00252212
0.00413525
0.00233066
0.00510822
0.00552274
0.00179134
0.0179655
0.00272123
1.36139e-05
0.00194095
0.00303781
0.00271954
0.00212429
0.00297164
0.00249912
0.0117398
0.000835635
0.00905308
0.00223288
0.000610338
0.000252487
0.00125923
0.00594318
0.00124586
0.0255536
0.00602723
0.00244467
0.00110242
0.00128114
0.00209035
2.43001e-05
0.0218189
0.00669075
0.0104817
0.00195907
0.00155138
0.00338704
0.00978443
0.00550665
0.000793682
0.00553288
0.0019194
0.00257054
0.0119404
0.000127631
0.00179675
7.0496e-05
0.000606069
0.00100535
0.000343876
0.00748723
0.0173307
0.000681967
0.0097074
0.00105269
0.00253268
0.00123241
0.000562587
0.00217879
0.00623369
0.0110753
0.0162134
0.00768114
0.00500265
0.000103892
0.0256233
0.000347332
0.000126304
0.0105306
0.00491657
0.000848514
0.00480844
0.0033956
0.00429644
0.00968272
0.000672096
0.000422623
0.000151305
4.16479e-05
0.00146869
0.000287617
0.00494364
0.00150188
0.000666848
0.00312453
0.000442671
0.0122573
0.00102093
0.000240829
0.00341891
0.00363804
0.0167726
0.000524911
0.0139486
0.0035932
0.000509866
0.00123939
0.00242037
0.00632118
0.0228874
0.0116345
0.00232121
0.000217367
0.00560183
0.000132821
0.0105832
0.00108155
0.000568815
0.00623823
0.0104546
0.02043
0.00037348
0.00378162
0.00631558
0.0090242
0.0159562
0.00502505
0.0129021
0.0209381
0.00235889
9.9231e-05
0.000400404
0.0053259
0.000837126
0.0147273
0.000522077
0.00111287
0.000834997
0.000486451
9.25494e-05
0.00259144
0.00994785
0.00983857
0.0031634
0.0240511
0.00132974
0.0168689
0.012615
0.00617403
0.000686721
0.00120893
0.00826322
0.000246394
0.0063966
0.00308822
0.00745335
0.0196365
0.0110679
0.013721
0.010538
0.000889537
0.000791958
0.00194639
0.000409352
0.000552928
0.00524285
0.00150158
0.00701703
0.0218753
0.000789158
0.00345347
6.86583e-05
0.00807407
0.00683291
0.00012426
0.0064873
5.93294e-05
0.00117316
0.000560562
0.000993187
0.00122056
0.000382886
0.000553698
0.0032368
0.00125867
0.00648628
0.00921894
0.0050779
0.00105703
0.0151333
0.0041681
0.00675724
0.00855761
0.0181268
0.0149834
0.0012532
0.0107622
0.00112001
0.00326398
0.0031934
0.00195
0.0062987
0.00312481
0.00691549
0.000136669
0.0124119
0.000119349
0.00561976
0.00101862
0.00025378
0.00370376
0.00102178
0.000194184
0.000556141
0.000164263
0.000331554
0.000368189
0.00159798
0.00321422
0.0014008
0.00152021
0.000805027
0.000605471
0.00423493
0.000960536
0.00104706
0.0176629
0.00033133
0.00517817
0.0299977
0.00167256
0.000546468
0.0128149
0.00667609
0.00504967
0.00194609
0.00853099
0.00525992
0.00459563
0.00762403
0.00103984
0.00141492
0.00120227
0.00776176
0.000921074
0.00223952
5.96451e-05
0.0030532
9.46809e-05
0.000974059
0.00212209
0.00121151
0.00144956
0.00503832
0.00146043
0.00535484
0.00220152
0.00151786
0.000130838
0.00424775
0.00104443
0.00102223
4.121e-05
0.00787104
0.000192525
0.000377295
0.00187645
0.0042019
0.000892482
0.00390682
0.00501877
0.000942415
0.000181579
0.00249824
0.00203127
0.00258106
0.00348965
0.0102777
0.000707799
2.61785e-05
0.00286368
0.0107225
0.000535069
0.0151339
0.00177979
0.00747091
0.000216862
0.000434775
0.00879735
0.0108306
0.00175282
0.00231854
0.000890186
0.00614481
8.383e-05
0.00452424
0.000392068
0.00161095
0.0036789
3.24113e-05
0.0113714
0.00130696
0.00784066
0.00230929
0.000718211
0.00246007
0.000897144
0.00132333
0.00337825
0.00225741
0.000666523
0.00527684
0.00539695
0.00596924
0.0015022
0.00601213
0.00664468
0.00271744
0.0120839
0.0038341
0.00369557
0.000769193
0.00106953
0.000341912
0.00206794
0.00120158
0.004979
0.000691183
0.00053449
0.000321699
0.000297391
0.00371296
0.00279899
0.0064
0.000923444
0.000499644
0.000113933
3.85102e-05
0.00607404
0.00237412
0.00289259
0.000498143
0.010369
0.0271791
0.00059179
0.00127453
0.0163651
0.00336375
0.000217941
0.000120756
0.00178663
0.0100237
0.00394756
0.00365329
0.000199734
0.00673667
0.000428949
0.0391087
0.00379857
0.00153802
0.000927064
0.00163648
0.0316459
0.000809225
0.00834894
0.0216046
0.000836234
0.000120866
0.0049295
0.00494504
0.00732104
6.12557e-05
0.000211427
0.000265615
0.00346433
0.00953525
0.00644255
0.000353265
0.00217849
0.0076285
0.000679138
0.000239954
0.00672739
0.0011076
0.000442649
0.0140763
0.000478691
0.0057092
0.000981966
0.0113262
0.000374878
0.0237806
0.000184404
0.000465907
0.00455991
0.000607436
0.00135381
0.00315128
0.00304108
0.00010011
0.0016464
0.00526101
0.00116909
0.0110326
9.98886e-05
0.00153659
0.0256524
0.00237382
0.00298724
0.0017238
0.00315606
0.00456717
0.00452547
0.0178087
0.00601173
0.000447289
0.0243899
0.000849705
0.00668523
0.000740919
0.00515205
0.0110591
0.0100311
0.000857894
0.000689736
0.000285776
0.00054174
7.19048e-05
0.0010178
0.00271226
9.87695e-06
0.000122785
0.00450559
0.00133822
0.0107132
2.72864e-05
0.00169237
0.00374109
0.00218233
0.0059641
0.00502239
0.00100598
0.0136941
0.0148089
0.00934511
0.000140311
0.0063235
0.00223393
0.000132342
0.0150581
0.00780599
0.00942192
0.00940734
0.00169408
0.00669057
0.00119464
0.00218024
0.00016117
0.000702893
0.0126342
0.00477902
0.00522356
0.000626886
0.00825526
0.000314158
0.0021117
0.00122286
0.000892638
0.000386984
0.000142596
0.00915251
0.00217697
0.000491306
0.0047019
0.00216136
0.00470468
0.00213102
0.00418053
0.00285692
0.00256208
0.00180895
0.00704428
0.00783328
0.00598148
0.00827309
0.00182107
0.00148642
0.000214431
0.0129249
0.00117596
0.00420556
0.00445391
0.00327394
0.00144277
0.0139787
0.00833468
0.0131399
0.00101163
0.00295227
0.011851
0.00851108
0.0241195
0.00185158
0.000982967
0.0161769
0.000997608
0.000145887
0.00548414
0.0191609
0.0104379
0.000133441
0.0181456
0.00365851
0.000708309
0.0129978
0.00266704
0.00065333
0.0018654
0.00625212
0.00162907
0.00716447
0.000279893
0.00538571
0.00527754
0.00337303
0.00574403
0.00666771
0.00324633
0.000274067
0.0420496
0.00244465
0.027261
0.00248985
0.000986954
0.00150474
0.00327333
0.00748357
0.00141203
0.00146254
0.00521879
0.00349934
0.0120566
0.00924646
0.000875194
0.00275336
8.53113e-05
0.00732866
0.012264
0.00233777
0.00191783
0.00242469
0.00236096
0.00628655
0.00273159
0.00887037
0.0223894
0.000236846
0.0142528
0.00126952
0.000216443
3.34052e-05
0.0141967
0.0200499
0.000113047
0.000567612
0.00887124
0.00219925
0.0300177
0.000196735
0.000381691
0.00790141
0.00251986
0.0236026
0.000734099
0.00233661
0.00564196
0.000131503
0.00635749
0.00742596
0.00242114
0.00707895
0.000132726
0.000907062
0.00367624
0.00174249
0.00297037
0.00332588
0.00215146
0.000746989
0.0018465
7.35791e-05
0.00751156
0.00202352
0.00236111
0.00183797
4.15592e-05
0.00215239
0.00224833
0.00678481
0.00345199
0.000641853
0.00182381
0.00547741
0.00844519
0.000206007
0.00143359
0.0032914
0.00150677
0.0108281
0.000815098
0.00991348
0.0017053
0.00280267
0.00582452
0.000124572
0.00231705
0.0194659
9.89184e-05
0.0286964
0.00831537
0.0140561
0.00256256
0.00166093
0.00055082
0.00286437
0.00612377
0.00383296
0.00165919
0.00889442
0.000240139
0.0012715
0.00338722
0.00847462
0.00982706
0.00923759
0.0162731
0.0149981
0.00691301
0.0040484
9.1643e-05
0.00144683
0.00102418
0.00208914
0.00362727
0.00112496
0.00446487
0.00230253
0.000812634
0.0028023
0.000422898
0.00576761
6.88559e-05
0.0185305
0.000484348
0.00151818
0.000391087
0.000311472
0.0113979
0.000849886
0.000231413
0.0036987
0.00395284
0.00138536
0.00297747
0.00405685
0.00808331
0.00198263
0.0049822
0.00693636
0.00030681
0.000861372
0.000319746
0.00107504
0.0745178
0.000447314
0.011602
0.00274013
0.00340792
0.0163783
0.00581298
0.0273675
0.00120775
0.000954414
0.00940564
0.000779218
0.0054395
0.00509664
0.00905937
0.0131998
0.000484623
0.0086815
0.000131228
0.000711091
0.00102758
0.0103561
7.65475e-05
0.00355192
0.00413431
0.00379965
0.000567861
0.0186273
0.00322363
0.000173322
0.000834958
0.000457466
0.00051614
0.00016888
0.000600104
0.00150481
0.00725611
0.0226846
0.0161905
0.00145956
1.45448e-05
0.00184382
0.00133007
0.00212713
8.52946e-05
0.00901002
0.000713039
0.00535792
0.00188372
0.00155638
0.000509067
0.000354738
0.00158276
0.00891304
0.00443578
0.000859993
0.0129435
0.000361779
0.00131602
0.000847743
0.00156032
0.00846563
0.00305563
0.00676433
0.00595032
0.00621421
0.00187691
0.00536358
0.00309249
0.00176896
0.0148041
0.00235889
0.000214962
0.00610695
0.000134768
0.00920671
0.00308733
0.000155318
0.000460079
0.00663241
0.000447378
0.00556617
0.015206
0.00403064
0.00111967
0.00541831
0.000690067
6.63849e-05
0.00663602
0.00057005
0.00519501
0.0109262
0.000522293
0.000117459
0.000731783
0.0031367
0.00557864
0.0127477
0.000138025
0.000524377
0.0059484
0.0143068
6.8213e-05
0.000958232
0.000704249
0.0189033
0.0239535
0.000421729
0.00467617
0.00893264
0.000128441
0.00697527
0.0256188
0.00634212
0.000227469
6.05332e-05
0.00672287
0.00146297
0.00719013
0.00431577
0.0255191
0.0254201
0.000226851
0.000280616
0.0149047
0.00367157
0.00183141
0.00346228
0.00851154
0.00788018
0.00519204
0.012497
0.00763603
0.000137266
0.00192762
0.00308919
0.000390016
0.0020079
0.00376064
0.000103025
0.00559078
0.000553332
0.0103649
0.000290706
0.0027554
0.0017485
0.000147639
0.00428773
0.00216973
0.0142153
0.00139109
0.00370879
0.01664
0.00255536
0.00206539
0.000838696
0.00024737
0.0122146
0.00128344
0.00242783
0.00233676
0.00661488
0.00493559
0.00941576
0.000337839
0.00240972
2.10115e-05
0.00529719
0.00842073
0.000110004
0.000119894
0.00380023
0.0262849
0.000377062
0.000219633
8.92222e-05
0.000482682
0.00583877
0.0026074
0.0126419
0.0022252
0.00328977
0.000207406
0.000590259
0.00825659
0.00421616
0.00279674
0.0078103
0.0149033
0.00567718
0.00743354
2.65715e-05
0.000260294
0.00337137
0.000184091
0.000313555
0.00190612
0.000779443
0.0178143
0.0217016
0.00122739
0.00601146
9.06867e-05
0.00846689
0.000229262
0.00325219
9.41607e-05
0.000738689
0.00790732
0.000568385
0.00488135
0.00302754
0.00027596
0.00198816
0.012621
0.00449347
7.69668e-05
9.35465e-05
0.00115275
0.00183488
0.000925777
0.000389415
0.00750666
0.0100886
0.00110984
0.000775199
0.00232211
0.000107668
0.00161831
0.000887392
0.00129547
0.00254196
0.00206411
0.00247927
0.00124729
0.00085763
0.00193309
0.00112124
0.000635124
0.00497861
0.0136981
0.00194264
0.00171787
0.00626739
0.0049134
0.00473727
0.00692956
0.00118692
8.83485e-05
0.0121957
0.000362165
0.00587555
0.00198911
0.0144402
0.000261589
0.00130743
0.0150869
0.0085984
0.00195876
0.0129318
0.0142589
0.00393852
0.00242542
3.32059e-05
0.00018032
0.000785586
0.000779993
0.00489952
0.00247013
0.00676516
0.000298391
0.00116659
0.014886
0.00289033
0.0103645
0.000989029
0.0074619
0.00113149
0.00118551
0.0015594
0.00639969
0.0112455
0.0065105
0.00105667
0.0196298
0.00297254
0.00299949
0.00165605
0.00565154
0.000217632
0.00977102
0.00289795
0.00449443
0.000905001
0.00479393
0.00117639
0.000599393
0.00079527
0.000609512
0.00766478
0.00853305
0.00246816
0.00436862
0.00854224
0.00333495
0.00119307
0.00165202
0.0143214
0.000337131
0.00105661
0.00243591
0.00237767
0.00028454
0.0156865
0.0174124
0.00565311
0.00322254
0.00180185
0.00391159
0.00295595
0.00507462
0.00261206
0.000159258
0.00201869
0.00118627
0.00493635
0.0137927
0.00115553
0.00220554
0.00167754
0.00166006
8.90344e-05
0.00205145
0.00201979
0.00585829
0.00131046
0.00270344
0.0168981
0.0095949
0.00539698
0.00784529
0.00237711
0.00321507
0.0163411
0.00238569
6.50525e-05
0.000344672
0.0165387
0.00342287
0.000612764
0.0134004
0.00752807
0.00568701
0.00319687
0.00269333
0.00273085
0.000230253
0.00224693
0.0128169
0.0194097
0.00521377
0.00296547
0.00321865
0.00720773
0.0105688
0.00152132
0.00795887
0.0146923
0.00480568
0.00995291
0.0104
0.0070465
0.0144532
0.00165012
0.0241718
0.0038181
0.0147705
7.65875e-05
0.00610248
0.00928519
0.000308248
0.001721
0.000676743
0.0101881
0.00039743
0.011365
0.00115886
9.09575e-05
6.32544e-05
0.00213076
0.0107049
0.00142322
0.0239507
0.00220496
0.00307289
0.00484539
8.58178e-05
0.00571069
0.0090951
0.000122936
4.47749e-05
0.00316069
0.00279813
0.00540223
0.000310002
0.000423134
0.000218974
0.00017105
0.00187417
0.0113072
0.000700206
0.00469403
0.00190351
0.00205786
0.00623599
0.000854978
0.000937873
0.00115713
0.00577923
0.00202969
0.00167713
0.0183476
0.00059205
0.00384868
0.000253713
0.00137425
6.718e-05
0.000545427
0.000324766
0.0125367
0.00819276
0.00105953
0.00320292
0.0163096
0.038988
0.00199626
0.00815415
0.0012719
0.00363029
0.0026337
0.00615626
0.012506
0.00256036
0.000176428
0.00819912
0.0005609
0.000193743
0.00352264
0.00412381
0.00355315
0.00394904
0.00224777
0.00182592
0.00184951
0.00356732
0.0016842
0.0143893
0.0064387
0.00481457
0.000268098
0.000207858
0.00441797
0.0201936
0.00171765
0.000963109
0.0183542
0.00248566
0.0061866
0.00125255
0.00189604
0.00527918
0.00089568
0.015232
0.000388084
0.000371885
0.000457561
3.90315e-05
0.00986663
0.00227804
3.36874e-05
0.000212188
0.010668
0.000258462
0.000210367
0.00461264
0.00128449
0.00203113
0.000142588
5.58454e-05
0.00619505
0.000444066
0.00372968
0.00380246
0.000540041
0.000509235
0.012341
0.00113739
0.0036551
0.000492531
0.00195604
0.00188041
0.00178075
0.0237103
0.000749052
0.00174079
0.000414317
0.0222781
0.000303343
0.00167441
0.00607082
0.00427488
0.00674126
0.00035848
0.000380544
0.000275884
0.0101675
0.003724
0.00325604
0.0009759
0.00156193
0.000197531
0.00245488
0.00138757
0.00227569
9.07406e-05
0.00672469
4.20906e-06
0.0191476
0.000593238
0.00126699
0.0270327
0.0042841
0.000242561
0.000596566
0.000521976
0.0065466
0.00250173
0.0077189
2.01997e-05
0.00951422
0.014437
0.000594361
0.00621813
0.00158869
0.00354562
0.00389152
0.000524143
0.00679845
0.00287828
0.00127329
0.00854428
0.0121801
0.0132102
0.00151666
0.00282273
0.00536478
0.01009
0.0046036
0.00731371
0.0013288
0.00525435
0.000315203
0.00230907
0.00740897
0.0063791
0.00065822
5.7534e-05
0.00771228
0.0019599
0.002598
0.0090315
0.00233205
0.000364679
0.00809809
0.0229094
0.0084462
0.00399542
0.001112
0.000950419
0.0141729
0.012881
0.00680707
0.000566933
0.00908878
0.0035768
0.000925545
0.0142542
0.000193586
0.000478296
0.00406503
0.0003351
0.000132158
0.00389148
0.00056106
0.00163821
0.00187641
0.00435356
0.00663863
0.0177482
0.00359729
0.00100755
0.000916487
0.00101031
3.4649e-05
0.000486585
0.000747679
0.00744152
0.00462644
6.6397e-05
0.00414353
0.00931529
0.011909
0.00297407
0.000976156
0.0221117
0.00498905
0.000689334
0.000200975
0.00414908
0.0021878
0.0038584
0.00223839
0.00228321
0.00172779
0.0002682
0.00265768
0.00138515
0.0257221
0.00274676
0.00110084
0.00368154
0.00125024
0.00081016
0.00191656
0.0300656
0.0152709
0.00242143
0.000204088
0.000268098
0.00225874
0.0021653
0.00190339
0.000301201
0.00132572
0.00571531
0.00306036
0.000332539
0.000895914
0.000534955
0.00490836
0.00213274
0.00178168
0.000243117
0.00196383
0.000123219
0.00619584
7.02766e-05
0.00488008
0.000133085
0.00145616
0.00604273
0.0282037
0.000240993
0.00179161
0.0264451
0.00390768
0.0021561
0.00058889
0.00974851
0.000218382
0.0149426
0.000272406
0.000174919
0.0016555
0.00100389
0.00561286
0.00093204
0.000415606
0.00430475
0.00117943
0.00130556
0.00115531
0.00385814
0.00285108
0.00464564
0.00837538
0.00937387
2.82724e-05
0.00106082
0.0013637
0.00045112
0.00158872
0.000681715
0.000946097
0.00339765
0.00548982
0.00337734
0.00821931
0.00267887
0.0257233
0.0216199
0.00321364
0.00369875
0.000334114
0.00754566
0.000847615
0.00605129
0.00148349
0.000493103
0.00158328
0.00877381
0.00063346
0.00118888
0.00429626
0.00119076
0.00458697
0.000653185
0.00190046
0.00120532
0.00281096
0.00521098
0.00288448
0.00804899
0.000240105
0.00272001
0.0191853
0.00112389
0.00972635
0.00337592
0.00416311
0.00837952
0.00554684
0.0171016
0.00507276
0.0019048
0.0169947
0.00229012
0.00190146
0.00226195
0.00335272
6.56465e-05
0.00227275
0.00365435
0.00411943
0.017389
0.0036423
0.000513614
0.00322089
0.0048629
0.00752309
0.000961305
0.0012978
0.00332092
5.07668e-05
0.000168594
0.00023765
7.9745e-05
0.0141973
0.0109658
0.00871529
0.000171179
0.00275913
0.00388906
0.00154821
0.00936202
0.000461623
0.00077636
0.00179821
0.00147689
6.68172e-05
0.0106818
0.0156998
0.000100824
0.00028839
0.00204567
0.000430037
0.00394668
0.00140271
0.00186369
0.0052415
0.00484627
0.00846268
0.000479558
0.0129818
0.00300308
0.0187381
0.00222175
0.0181619
0.00375083
0.00176163
0.00911119
0.0225154
0.013945
0.00227145
0.00200106
0.00398424
0.00214172
0.017868
0.00853067
0.000862286
0.00389502
0.0056025
0.00265519
0.000270514
0.000728898
0.000438207
0.00745111
0.000326464
0.00378818
0.0206469
0.00602241
0.000340713
0.00558756
0.00044793
0.0028382
0.00558109
0.000482721
0.0125828
0.00058542
0.0162944
0.00162758
0.00055432
0.00191691
0.00128211
0.00400019
0.00649863
0.000629463
0.00141122
0.0150109
0.000248449
1.04161e-05
0.000713691
0.00129417
0.000893044
0.000794171
0.00475736
0.0106134
0.00494513
0.003799
0.00316369
0.00664456
0.00472852
0.0201429
0.0160599
0.000516645
0.00953204
0.0254446
0.00871377
0.00345479
0.00020653
0.000488647
0.000678492
0.00261767
0.00659013
0.000117577
0.000260423
0.00212053
0.00229584
0.0212978
0.00175214
0.00200536
0.00178535
0.00855916
0.00218961
7.3047e-06
0.000433407
0.00298622
0.00435364
0.0121312
0.00307959
0.00200898
0.0167826
0.00240655
0.0007707
0.00131587
0.0138972
0.000610271
0.00313109
0.0107322
0.00242765
0.00301277
0.00337042
0.00111614
0.0153866
0.000361915
0.000406292
0.00115198
0.000279245
0.000533132
0.00440257
0.000646031
0.0041417
0.000363882
0.00301872
0.00165197
0.0178368
0.0172389
0.000243468
0.0052111
2.1455e-05
0.00219885
0.00443494
0.0238991
0.00218926
0.000634894
0.00191583
0.00167832
0.0155761
0.00220219
0.00540604
0.000193654
0.0101616
2.11674e-05
0.00189983
0.000722622
0.0263265
0.00135721
0.00137515
0.00791645
0.00189042
0.000130152
0.000370492
0.000244938
0.000260427
0.000886702
0.0042616
0.00663537
0.0113423
0.00477462
0.000988524
0.0053117
0.0403881
0.000411827
0.000417804
0.00154422
0.000460079
0.013105
0.0124869
0.00132758
0.00239778
0.00992871
0.00228852
0.00179668
0.000218446
0.000785038
0.000160902
0.0052771
0.00332109
0.00606977
0.0137208
0.0040871
0.0017985
0.00898775
0.00683529
0.0399114
0.00303169
0.000695071
0.00339945
0.0027095
0.00464972
0.00111361
0.00695742
0.0051718
0.000933402
0.00343275
0.000313736
0.00033655
0.00799934
0.000924914
0.00458198
0.0029618
0.000641851
9.88519e-06
0.00539812
0.0145614
0.00486595
0.000306268
0.00801901
0.000577899
0.0163231
0.0196701
0.000782564
0.00634835
6.28407e-05
0.00748744
0.00689982
0.00126668
0.0038714
0.0036773
0.0111794
0.000222056
0.00153987
0.00194461
0.000545295
0.00644111
0.00688506
0.0025557
0.00157044
5.64632e-05
0.00924339
0.00283248
0.0112476
0.00235427
0.00354479
0.00164156
0.00659883
0.00650348
0.0222802
0.000591883
0.000122009
0.000755124
0.000305385
0.00604239
0.000663985
0.000193416
0.000805786
0.00781376
0.00257052
0.000210173
0.0406437
0.00018472
0.00796418
0.00100262
0.00466304
0.000113065
0.00397896
0.000314615
0.000972398
0.00211281
0.0101992
0.00996222
0.00916414
0.00202805
0.00501297
5.51065e-05
0.00783898
0.0195586
0.000134366
0.01527
0.00668892
0.00333492
0.00792427
0.000328685
0.000956991
0.0121677
0.000426849
0.000195099
0.000927559
0.00029354
0.0015795
0.00323373
0.00118906
0.00290472
5.05231e-05
0.00745332
0.0205105
0.00440242
0.000978734
0.0011484
0.000188643
0.0012154
0.00088816
0.00730174
0.000782114
0.00117804
0.0168454
0.0076508
0.00851458
0.0152786
0.00209048
0.00235355
0.0167634
0.00476518
0.00162482
0.0071904
0.0126197
0.00145846
0.000218018
0.00944218
0.0121203
0.00483071
0.00501882
0.0060393
0.00163886
0.000693867
0.00394514
0.00169706
0.00532003
0.00159194
0.00124165
0.00142577
0.000139423
0.0151406
0.00133
7.19396e-05
0.00230516
0.0145769
0.00152814
0.00752286
0.0046539
0.000380662
0.00294374
0.00371017
0.003703
0.000166605
0.00312383
0.016981
0.0225942
0.00699858
0.00325683
0.000597211
0.000902034
0.00131393
0.000775686
0.00111827
0.00473574
0.000451808
0.000990022
8.62635e-05
0.00229195
0.0071857
0.00378604
0.00925039
0.0143954
0.00307966
0.000152134
0.00508924
0.00693478
0.000205864
0.00100346
0.00614922
0.014997
0.000436745
0.00579478
0.00197951
0.00605631
0.00253725
0.00296955
0.00857113
0.000167115
0.00137038
0.000888197
0.000373945
0.00220296
0.00383737
0.000264553
0.00586001
8.14681e-06
0.00416966
0.00244306
0.020247
0.00425522
0.00186428
0.00616552
0.000344143
0.00819171
0.000621135
0.000472244
0.000803551
0.0118695
0.00126925
0.0239922
0.00403036
0.0109911
0.000806476
0.0109414
0.00693141
0.00261575
0.000686565
0.0249625
0.0700129
0.0137177
0.0036668
0.000805604
0.000127055
0.00742902
0.00320317
0.00725132
0.00153634
0.00208088
0.00294832
0.00642083
0.00137373
0.00427592
0.0135997
0.00733033
0.00686892
0.00894101
0.0164456
0.000277394
0.000406406
9.47719e-06
1.45429e-05
0.00534355
0.00339472
0.00596829
0.000397672
0.00258723
0.0018672
0.00390142
0.00193797
0.00136979
0.00590722
0.0120382
0.00103904
0.0108263
0.00625958
0.00345033
0.0117531
0.00564261
0.0034936
0.0207443
0.00230063
4.68182e-05
0.00199722
0.00382034
0.000138758
0.000787758
0.0115274
0.00213947
0.000658183
2.42536e-05
0.00949267
0.00223398
0.00179633
0.00411522
0.00324694
0.00979147
0.00245049
0.0031014
0.00405113
0.000355888
0.000485767
0.00424069
0.00692816
0.000693046
0.00217171
0.0010798
0.00157001
0.00245282
0.0132059
0.00185043
0.00288586
0.000544174
0.00217235
0.00444421
0.00772203
1.41922e-05
0.00607638
0.00293625
0.00436956
0.00410247
0.0041249
0.00155086
0.00294634
0.000267814
0.000317853
0.000381994
9.17929e-05
0.00409483
0.000151409
0.00268052
0.00387901
0.000448613
3.80317e-05
0.00602612
0.00880533
0.00516979
0.00608345
0.000752411
0.000622975
0.00159012
0.00176953
0.0011112
0.00302885
0.00238205
0.00876645
0.025699
0.011348
0.00918965
0.000687234
0.0120651
0.000134584
0.0066496
0.00241331
0.002248
0.00082174
0.00104804
0.00167196
0.000778688
0.0191354
0.00276232
0.0105392
0.00976034
0.000536936
0.000471766
0.00605321
0.000135569
0.0020339
0.00485533
0.0207906
3.46561e-05
0.000152723
0.000371363
0.00104395
0.0101456
0.000320598
9.47982e-06
0.0031823
0.00373846
0.00117351
0.0100124
0.000616572
0.0014124
0.0132526
0.00348152
0.000591496
0.000269165
0.00345651
0.0066662
0.000136798
0.00225453
0.00134447
0.000130471
0.0120877
0.00503566
0.0162381
0.0314465
0.000291989
0.00562262
0.000912875
0.00168907
0.000301517
0.000119872
0.00177095
0.000116023
0.0209669
0.00631707
0.000803183
0.000121501
0.000775291
0.00380249
0.0039145
0.00141907
0.000885734
0.0322574
0.00352213
0.000220149
0.0124213
0.00188166
0.000258514
6.15386e-05
0.000917665
0.00807211
0.00120231
0.0126711
0.0116263
0.000141352
0.00443803
0.00102462
0.0020107
4.09318e-05
0.000258798
0.00146074
0.0144986
0.000193583
0.00135465
0.00297254
0.0084583
0.0056539
0.00266022
0.000187399
0.00124803
0.00278326
0.0229255
0.00581185
0.000133038
0.00128284
0.00685151
0.0127917
3.91449e-05
0.000122256
0.0113601
0.0101415
0.000336425
0.000173992
0.00154348
0.000161416
0.00136371
0.0142103
0.00456769
0.00445184
0.00138999
0.00627556
6.07277e-05
0.00125316
0.000692315
0.000837098
4.41974e-05
0.0132281
0.000277271
0.00611069
0.00618581
0.0165261
0.00758988
0.00285052
0.000124587
0.00535057
0.000643492
0.0109754
0.00132429
0.000447971
0.0024215
2.94573e-05
0.00227885
0.00467524
0.000470379
2.10259e-05
0.00309795
0.000379202
0.00327287
0.0080741
0.0114172
0.00276466
0.00232654
0.000876314
0.000130006
0.000996522
0.00548682
0.00143803
0.00655255
0.00267686
0.0032913
0.00112392
0.0258929
0.00054528
4.23314e-05
0.000499712
0.00174159
0.00145518
0.00134462
0.000343092
0.00152754
0.0151625
0.00164377
0.00250037
0.00150308
0.000387176
0.00927989
0.00302504
0.00863403
0.00212702
0.0152106
0.00393935
0.00110592
0.000400045
0.00223953
0.00277183
0.00182897
0.00730808
0.00405001
0.00301257
0.000136396
7.52897e-05
0.00176618
0.0152338
0.00906023
0.00118635
0.000945147
0.00179458
0.000531036
0.000176862
0.00219983
0.00224001
0.00190213
0.00639534
0.0007155
0.000122818
0.000960726
0.000602822
4.35107e-05
0.00306097
0.00294196
0.00573868
0.00663368
0.00238394
0.00150301
0.00201745
0.00257358
0.00107773
0.0209295
0.00300643
0.0162413
2.90964e-05
0.00168702
0.00116932
0.000966153
0.00161161
0.00207353
0.00229457
0.000142475
0.0153208
0.0136917
0.000403216
0.0175535
0.00501181
0.000932079
8.23322e-06
0.00298601
0.00328182
0.00197615
0.000992358
0.00107176
0.00440243
0.00372893
0.0102117
0.000121139
0.00516021
4.07539e-05
0.000112442
0.00093639
0.00167255
0.0210508
