006361 647 176 691 214
006362 472 187 496 204
006363 634 175 660 196
006363 799 174 865 201
006365 1191 177 1241 243
006365 0 199 45 252
006366 1126 158 1241 258
006366 504 177 554 213
006366 684 170 712 198
006368 0 170 274 275
006368 688 177 842 240
006368 298 161 396 205
006372 601 167 648 192
006376 731 173 883 245
006376 646 174 700 196
006376 327 181 369 208
006379 0 188 142 374
006379 426 177 517 208
006385 495 180 518 197
006389 668 174 734 201
006389 592 172 616 187
006389 515 176 553 194
006389 222 179 304 205
006390 407 190 514 267
006390 572 179 609 213
006394 160 180 270 233
006399 1211 99 1241 374
006399 248 187 419 296
006399 1086 145 1195 186
006399 472 183 523 222
006399 674 173 766 205
006399 598 174 640 189
006401 280 184 428 280
006401 1061 147 1161 186
006401 473 180 522 217
006401 668 173 756 204
006402 556 179 577 196
006402 404 177 429 195
006404 1163 196 1241 374
006404 541 174 585 218
006408 314 181 349 200
006410 617 177 636 191
006416 650 172 699 211
006416 628 173 661 200
006417 457 177 483 193
006417 423 179 453 195
006423 382 177 446 220
006426 985 205 1241 345
006426 274 190 463 258
006426 758 190 885 243
006429 538 169 576 207
006431 658 170 712 218
006431 316 182 440 260
006432 687 173 711 191
006432 524 180 550 200
006439 448 177 474 197
006443 281 176 324 196
006445 528 177 561 204
006449 297 179 357 198
006457 676 169 711 206
006457 1059 159 1182 198
006460 445 180 506 207
006461 511 177 537 199
006467 477 187 500 203
006468 421 173 517 212
006474 201 182 401 258
006474 302 185 459 243
006474 372 171 503 225
006475 332 179 463 267
006477 269 191 328 221
006479 427 173 494 202
006483 0 180 228 282
006483 49 181 279 261
006489 504 175 553 218
006489 341 175 404 196
006489 698 176 772 223
006490 0 190 23 233
006493 560 178 586 201
006495 679 168 713 206
006495 1095 157 1229 198
006496 973 153 1099 192
006497 0 194 133 328
006497 312 177 378 213
006506 557 170 584 190
006513 823 176 894 204
006518 556 171 576 190
006519 627 173 654 200
006520 0 183 281 280
006520 671 186 802 241
006522 521 167 549 190
006523 753 172 924 253
006523 684 171 801 228
006523 680 175 788 220
006523 643 175 695 194
006526 674 175 734 220
006526 657 177 692 206
006527 153 178 373 263
006527 364 175 500 219
006530 799 158 853 184
006530 837 152 899 182
006531 643 186 684 220
006532 413 174 494 210
006535 35 181 302 289
006535 212 179 431 253
006536 576 176 600 194
006544 824 171 860 189
006549 54 180 354 281
006549 398 160 502 214
006549 473 172 545 202
006555 587 179 603 192
006556 252 173 391 236
006557 697 175 734 199
006559 294 185 451 254
006559 667 179 739 226
006559 634 176 663 199
006559 590 173 629 209
006559 0 185 135 239
006562 745 172 912 254
006562 313 179 359 207
006564 568 175 593 192
006564 528 176 558 194
006567 551 176 573 193
006568 0 98 157 374
006568 431 173 503 205
006569 507 180 550 212
006577 421 178 445 194
006582 552 172 573 189
006587 593 178 632 214
006589 439 174 531 219
006589 490 171 565 200
006589 708 167 789 226
006589 127 177 320 255
006589 607 170 643 203
006589 336 172 411 217
006594 466 189 543 257
006594 653 177 719 228
006594 534 176 570 207
006598 757 163 855 235
006600 1151 151 1241 281
006602 330 181 489 235
006602 504 178 567 199
006614 402 182 430 199
006617 547 166 579 193
006619 1003 160 1107 194
006622 1124 171 1241 242
006622 0 176 295 295
006622 71 160 388 271
006622 287 161 464 233
006622 967 160 1098 217
006624 219 183 350 247
006624 392 181 447 213
006624 503 181 535 204
006625 133 202 208 232
006628 770 179 820 204
006629 680 175 731 211
006629 666 175 692 197
006632 679 160 720 180
006637 501 172 539 204
006637 216 181 315 227
006638 3 190 327 297
006638 0 197 170 374
006639 245 177 320 210
006639 570 177 603 208
006640 335 175 371 196
006640 360 173 395 193
006640 562 174 580 188
006644 459 187 526 240
006646 0 202 243 311
006646 478 174 501 194
006647 682 173 709 189
006648 887 160 970 197
006654 990 183 1241 293
006655 183 200 246 226
006655 220 196 288 225
006655 270 196 329 225
006658 0 185 182 263
006660 843 191 1118 275
006660 379 178 496 217
006662 225 174 405 245
006662 371 164 500 216
006664 560 170 587 189
006665 0 166 187 365
006668 560 180 583 197
006673 377 185 417 205
006673 334 187 373 208
006673 424 181 463 201
006673 377 183 479 215
006673 940 168 1044 208
006675 530 184 557 209
006675 433 188 469 212
006678 166 185 393 262
006678 0 187 331 314
006678 1147 197 1241 374
006679 582 168 627 200
006683 352 194 389 226
006689 645 177 700 202
006708 636 174 653 189
006710 369 177 482 216
006711 454 176 505 194
006714 842 179 948 218
006714 418 182 446 198
006716 672 179 693 196
006721 590 176 627 209
006721 38 181 161 229
006721 222 178 303 211
006723 545 173 570 191
006723 523 167 540 184
006724 1018 185 1241 315
006726 0 187 67 268
006729 581 178 597 191
006731 92 214 128 245
006733 0 220 70 374
006733 786 153 940 216
006733 336 192 431 249
006735 1145 114 1241 276
006736 685 161 716 202
006736 1135 153 1241 198
006737 459 181 484 197
006739 442 185 485 216
006746 1223 164 1241 315
006748 349 190 385 220
006754 427 174 511 213
006754 546 173 565 189
006757 532 177 554 193
006758 921 167 1002 205
006765 633 167 659 192
006767 473 183 522 220
006769 324 175 472 226
006769 357 172 470 218
006773 678 176 702 196
006773 659 177 682 191
006779 636 176 667 204
006779 647 176 692 215
006780 316 184 388 223
006780 462 184 495 210
006780 475 182 502 203
006781 355 179 430 227
006783 0 190 151 374
006783 164 155 399 257
006783 864 181 1081 280
006783 748 183 948 248
006783 391 179 500 217
006783 620 176 646 199
006787 891 168 1024 208
006787 757 175 790 199
006788 692 171 715 190
006789 67 193 271 277
006789 458 179 510 218
006789 0 195 96 270
006789 749 184 781 200
006791 394 183 428 203
006798 690 178 764 233
006805 0 197 174 374
006805 594 180 633 215
006805 0 184 60 241
006811 582 177 599 190
006817 460 193 520 230
006817 943 165 1098 214
006817 884 163 1024 206
006820 211 183 346 243
006820 697 171 720 188
006823 293 173 332 192
006831 352 178 390 197
006831 403 176 432 194
006833 0 181 164 374
006833 0 171 348 302
006833 197 184 410 264
006833 318 169 461 227
006833 338 159 480 224
006833 809 179 1003 258
006833 730 177 869 229
006833 710 179 839 221
006833 425 173 521 204
006834 262 180 313 205
006838 538 181 556 198
006838 206 182 267 208
006842 474 177 545 206
006842 533 176 562 193
006844 472 187 513 214
006844 159 201 228 229
006844 198 196 271 227
006845 991 146 1206 246
006845 46 182 326 288
006845 125 167 408 267
006845 310 168 475 235
006845 953 160 1075 214
006846 596 172 630 208
006848 965 181 1230 287
006851 337 183 372 203
006854 408 182 466 218
006857 505 172 544 202
006859 295 182 356 201
006862 0 207 164 375
006862 450 178 505 216
006864 968 149 1159 242
006864 107 186 352 281
006864 350 181 494 228
006864 249 178 438 242
006867 0 166 33 205
006868 649 180 686 211
006870 490 185 525 209
006870 250 194 310 221
006870 296 195 348 221
006879 60 186 361 279
006886 1094 145 1241 255
006886 275 184 340 204
006889 156 184 272 237
006897 278 181 456 244
006897 643 179 682 215
006902 685 172 709 189
006902 68 186 226 241
006904 990 180 1241 374
006904 638 178 666 201
006907 866 174 893 189
006909 375 185 502 227
006910 1209 214 1241 374
006910 284 187 352 221
006911 592 175 627 196
006911 737 176 763 192
006913 282 190 338 219
006920 303 200 434 271
006922 1175 194 1241 374
006922 701 177 769 229
006926 288 172 458 262
006926 456 178 543 220
006926 589 178 629 215
006927 589 178 628 214
006928 280 182 383 234
006928 0 188 153 261
006928 176 181 283 231
006929 462 182 502 211
006932 587 173 625 207
006933 151 187 257 242
006942 0 176 127 374
006942 804 167 1058 274
006942 259 183 437 240
006943 374 178 440 222
006943 324 182 382 212
006944 379 182 417 204
006948 699 159 775 191
006950 717 158 812 198
006952 317 175 453 241
006952 592 173 628 205
006952 240 177 314 211
006954 589 177 616 203
006958 475 185 572 232
006958 655 178 694 203
006959 398 189 454 221
006960 480 183 521 210
006960 694 169 758 189
006961 877 176 958 207
006963 220 188 265 212
006967 654 171 685 200
006967 949 157 1058 194
006970 376 185 418 205
006970 334 187 374 208
006970 425 181 464 201
006982 0 154 47 345
006982 226 188 294 236
006985 577 176 600 194
006985 533 179 561 196
006987 0 146 264 278
006987 180 174 337 231
006989 498 180 541 210
006989 530 179 561 204
006991 709 175 749 202
006992 0 180 130 374
006992 415 173 512 206
006993 424 180 463 200
006996 524 172 561 203
006997 330 188 390 225
006998 547 178 573 199
007001 829 170 867 188
007001 853 163 894 189
007002 113 182 325 280
007003 0 179 265 327
007005 0 189 199 321
007005 171 184 366 248
007005 220 180 391 237
007011 1194 199 1241 374
007013 692 173 711 189
007014 695 169 761 190
007015 391 181 446 218
007015 509 185 542 209
007019 950 173 1132 236
007020 265 185 363 233
007021 0 199 124 337
007026 958 159 1117 252
007027 1034 156 1129 202
007028 546 177 569 197
007029 446 182 483 210
007031 483 186 521 212
007031 195 200 255 226
007031 231 196 295 224
007031 279 196 336 224
007035 351 182 452 223
007035 387 176 481 213
007035 440 184 498 212
007035 453 182 516 204
007039 480 181 519 206
007040 610 190 627 205
007043 0 188 28 213
007045 0 201 54 344
007046 226 184 437 283
007046 596 178 635 214
007046 176 174 283 216
007047 357 181 505 228
007047 318 182 485 242
007053 376 176 488 214
007056 36 191 177 240
007056 274 180 336 212
007060 440 168 695 278
007060 434 187 627 260
007063 681 179 770 245
007066 503 180 542 202
007067 632 178 652 194
007069 303 180 480 236
007069 236 182 448 258
007071 697 160 769 191
007081 199 164 388 228
007081 657 169 765 213
007085 429 179 508 208
007087 991 170 1196 241
007088 596 176 631 202
007091 661 181 699 211
007096 857 176 935 206
007099 671 166 734 217
007099 641 174 674 199
007099 593 171 631 206
007099 236 175 311 207
007101 434 180 514 210
007101 559 178 593 208
007102 754 172 929 260
007102 649 171 706 195
007102 306 179 353 207
007102 0 179 30 213
007104 422 184 528 219
007108 522 167 791 281
007113 557 178 584 198
007114 661 174 723 199
007119 586 174 613 201
007121 647 178 687 211
007123 237 187 465 261
007123 884 176 1241 325
007131 520 180 563 218
007131 664 180 704 211
007132 0 259 114 374
007132 988 143 1181 223
007137 1187 159 1241 294
007140 1218 136 1241 337
007142 662 173 733 206
007142 645 176 712 201
007144 749 153 818 219
007145 395 179 478 217
007152 7 193 266 311
007153 794 170 833 192
007156 0 224 107 374
007156 630 176 663 206
007160 598 171 630 205
007163 487 186 523 211
007163 288 195 342 223
007166 448 161 506 207
007169 478 180 512 206
007170 523 171 553 193
007170 588 167 609 187
007171 0 190 144 271
007171 494 180 532 206
007176 543 176 579 205
007178 677 175 701 195
007187 307 188 343 217
007195 0 210 201 374
007195 271 197 402 282
007196 654 175 700 212
007197 595 174 618 187
007200 675 181 746 229
007204 469 184 497 206
007206 539 181 557 197
007206 213 181 272 207
007208 356 180 484 229
007208 398 179 515 221
007209 1203 139 1241 187
007209 949 147 1019 183
007209 988 148 1065 182
007209 414 179 489 228
007209 597 174 628 199
007210 1085 131 1241 261
007210 932 142 1147 230
007216 681 175 751 226
007217 1096 197 1241 374
007219 564 169 591 188
007222 629 168 679 214
007228 779 158 895 248
007228 262 174 337 207
007230 0 182 255 278
007232 638 179 672 199
007233 482 175 535 221
007233 655 174 710 210
007236 719 175 763 204
007239 549 179 572 200
007240 380 184 422 211
007242 719 166 826 199
007243 1122 145 1241 188
007243 934 149 1001 184
007243 973 152 1046 185
007243 543 173 573 188
007244 564 169 591 188
007247 589 177 616 204
007248 275 178 367 223
007248 592 174 629 208
007248 176 176 272 213
007249 638 173 698 195
007250 664 162 847 234
007250 377 179 492 216
007255 803 148 885 176
007256 625 182 651 202
007256 607 179 638 200
007260 0 202 294 374
007260 531 179 564 204
007263 368 179 502 236
007263 467 174 545 206
007263 587 174 624 206
007263 0 177 102 243
007263 92 169 214 225
007264 524 179 551 202
007266 277 176 384 225
007273 392 182 449 218
007273 0 182 87 266
007277 634 176 656 194
007280 640 183 677 213
007287 226 191 291 222
007289 710 164 769 185
007289 767 166 816 185
007289 881 162 928 180
007313 669 181 739 210
007313 0 202 183 289
007313 589 179 610 196
007313 189 185 279 215
007314 738 168 920 269
007314 681 174 784 214
007314 646 174 708 197
007314 476 175 504 194
007315 97 153 371 270
007315 904 185 1170 305
007315 762 184 989 258
007315 373 180 490 220
007315 619 176 647 200
007316 168 188 293 245
007323 712 189 902 269
007323 167 176 353 249
007323 265 176 377 226
007325 278 184 445 246
007325 55 184 375 289
007325 0 190 196 367
007325 925 182 1241 313
007329 211 180 304 228
007334 824 170 868 185
007337 848 165 912 197
007339 11 176 237 282
007339 457 178 508 214
007341 278 176 333 202
007342 633 168 683 206
007350 704 181 763 225
007350 518 184 563 213
007352 582 175 648 232
007353 661 174 714 214
007355 664 178 720 220
007356 799 174 865 201
007358 212 191 423 358
007360 0 191 53 267
007361 373 181 465 219
007361 404 175 492 210
007364 516 182 550 206
007365 671 178 753 213
007365 651 178 730 207
007376 440 180 514 206
007379 634 169 650 184
007382 552 170 578 192
007385 481 186 509 206
007386 377 185 417 205
007386 424 181 463 201
007388 810 172 914 256
007388 1126 138 1241 206
007388 791 172 833 206
007389 370 162 399 181
007392 298 174 461 237
007392 386 174 485 215
007393 393 183 507 241
007393 604 177 642 211
007394 559 173 593 204
007396 670 183 704 208
007400 102 181 310 260
007400 167 185 355 248
007400 293 182 420 231
007400 356 180 443 220
007400 384 183 473 215
007400 422 178 499 209
007400 438 178 509 205
007404 587 171 614 192
007404 331 180 414 221
007404 652 174 677 191
007414 287 192 370 251
007421 650 179 691 209
007421 556 175 599 191
007422 795 152 959 218
007422 317 192 420 254
007424 0 203 124 374
007424 12 187 322 296
007424 326 179 461 233
007424 362 170 471 224
007429 194 167 247 194
007433 0 183 43 231
007433 578 166 601 187
007435 703 182 759 225
007437 593 178 629 205
007440 494 183 529 210
007444 597 176 625 204
007451 94 189 181 218
007454 494 174 562 230
007458 0 166 323 313
007458 165 185 396 271
007458 303 168 454 228
007458 326 157 475 225
007458 856 172 1154 284
007458 822 180 1032 265
007458 777 175 901 234
007458 735 174 880 229
007458 715 169 826 218
007458 445 173 530 203
007462 514 183 560 214
007462 693 179 742 217
007465 0 205 103 344
007466 564 169 591 188
007468 104 182 249 245
007472 560 179 582 196
007474 788 179 821 206
007475 0 211 81 279
007479 562 188 699 275
007479 654 185 752 245
007479 729 184 786 224
007479 786 180 820 208
007480 133 154 386 263
007480 1094 190 1241 374
007480 882 183 1122 291
007480 755 184 967 253
007480 382 179 495 219
007480 619 176 647 199
