006699 16 150 292 271
007108 136 179 239 250
006481 70 191 194 251
006507 43 176 168 239
006561 1 136 238 313
006917 1 210 123 375
007032 836 158 1231 372
007060 48 175 149 246
007291 242 181 441 312
007391 5 170 144 296
006654 1037 163 1233 373
006673 275 172 440 243
007205 68 150 285 279
007235 76 170 198 239
006372 699 166 817 260
006409 30 187 284 292
006614 8 178 149 253
006679 710 166 790 241
006829 193 186 281 230
007004 1142 152 1224 221
006372 417 163 540 261
006673 396 175 531 227
006728 105 157 493 374
007137 31 143 400 370
006498 982 221 1242 375
006569 511 187 558 220
006593 5 193 136 307
006659 720 163 910 310
006993 64 192 164 234
007041 959 141 1222 288
006436 14 190 155 250
006531 890 166 1236 372
006910 165 177 325 236
007117 800 132 1208 366
007164 172 158 337 267
007195 1073 194 1238 366
007415 67 163 253 262
007452 476 158 622 240
007097 6 165 213 366
007203 262 149 523 340
006938 663 170 717 223
007171 3 184 119 342
006571 186 184 279 217
006630 985 144 1168 203
006902 118 191 217 225
007414 219 182 341 276
006377 661 152 757 225
007128 910 136 1149 276
006616 1127 121 1242 197
006926 140 163 270 236
006944 153 185 224 221
007119 362 172 420 218
007440 1016 130 1117 180
007261 702 154 871 271
006920 175 176 453 374
007304 897 199 1242 374
006417 83 167 231 224
007026 669 156 1085 363
006679 497 165 584 235
006965 226 189 347 251
007043 363 165 570 295
007046 2 168 142 276
007204 318 181 415 240
006858 65 162 403 295
007280 636 191 670 218
007323 983 189 1055 219
007133 53 158 198 248
006721 921 181 1242 371
006788 324 156 431 224
006629 690 181 744 219
006896 1003 192 1057 218
006426 7 128 297 360
006634 4 190 102 267
007246 2 158 104 375
006505 638 146 711 211
006791 178 179 247 219
006932 983 208 1242 371
007100 2 180 97 283
007378 159 177 198 205
006516 1162 168 1232 213
006886 1053 247 1236 370
007232 646 184 681 204
006474 890 241 1203 370
007218 372 189 414 219
006728 1 196 104 374
006669 1025 134 1242 370
007381 1 138 110 341
007261 580 176 603 195
006738 3 130 137 251
006996 915 175 1235 375
007100 45 185 134 253
007435 507 186 555 213
007391 392 164 455 219
007083 603 188 626 207
007228 4 123 329 354
006382 967 176 1051 208
006467 294 174 408 252
006745 1 185 210 370
006824 247 183 289 205
006869 950 179 1241 365
007359 460 173 489 195
007406 378 185 458 245
006630 1149 140 1242 179
006778 637 188 667 206
006789 1 186 80 224
007042 226 182 279 209
007352 718 160 761 185
006372 616 173 647 194
006437 540 185 570 208
006775 728 172 754 192
007171 616 163 704 231
007378 1 187 44 242
006448 968 150 1047 176
006660 2 178 101 375
007210 653 171 707 210
007053 652 177 691 205
007060 253 178 287 203
006564 1092 158 1205 194
007187 313 179 354 213
006370 624 173 668 213
007423 533 171 579 208
007446 209 204 326 254
007059 558 170 596 192
006387 652 173 678 192
006842 1148 159 1225 200
007457 603 187 644 211
006538 1067 139 1180 187
006770 1176 130 1242 189
007457 975 185 1037 210
006607 570 186 598 205
007056 282 190 347 220
007287 238 192 281 214
006721 32 166 187 276
006950 476 191 527 227
007316 517 181 558 205
007411 548 185 586 214
007453 239 184 313 221
007394 746 152 1082 365
007459 690 180 726 205
006688 17 210 99 248
007177 525 179 561 205
007142 121 164 219 205
007452 1019 183 1052 204
007151 142 168 440 353
006919 9 206 106 287
007157 1074 174 1236 373
006528 1183 227 1242 364
006470 1168 178 1238 216
006512 432 178 465 201
007156 630 169 693 206
007209 603 168 640 196
006659 666 166 737 224
006812 543 177 571 200
007421 557 178 591 198
006362 1123 184 1184 217
006989 539 182 573 209
007478 447 181 478 201
006363 625 172 653 194
006419 625 176 651 196
006791 480 187 506 203
006791 473 178 501 196
006845 928 162 1045 196
006997 1069 183 1242 349
007371 1 217 245 375
006755 622 177 657 205
007210 590 177 614 195
007242 486 186 530 222
006871 965 146 1073 178
006911 1150 166 1232 192
006761 752 184 832 237
006401 499 186 537 213
006817 868 171 968 213
007003 827 201 1229 370
006714 421 186 449 205
006975 365 174 408 194
007082 2 209 252 369
007207 1032 214 1242 375
007311 540 177 578 205
007422 1080 210 1242 373
007442 462 160 544 224
006637 491 177 532 212
006910 310 191 358 217
007042 34 176 148 222
007157 480 187 506 206
006612 1024 164 1242 367
006893 123 179 213 210
006957 434 190 488 214
007089 2 204 174 371
007235 316 183 360 202
006648 1077 142 1213 210
006952 642 171 682 203
007402 522 184 570 213
007420 7 207 250 367
006715 597 175 615 192
006960 545 183 578 205
007289 4 125 91 170
006369 266 190 344 222
006403 151 175 271 220
006994 1010 220 1219 368
007043 1 191 44 220
007122 859 161 915 187
006461 512 185 539 207
006785 448 182 475 202
006689 3 162 118 205
007046 861 131 1213 371
006680 323 166 363 187
006788 728 168 753 187
007250 961 189 1242 375
007319 618 167 652 199
007432 649 167 674 184
007438 404 103 452 128
006710 333 177 463 234
007131 534 184 574 216
006754 552 174 576 192
007216 573 175 601 193
006743 1132 141 1242 195
006920 456 189 512 231
007268 680 183 710 202
006608 217 178 326 215
007424 468 175 539 208
007478 192 142 360 221
006531 641 185 669 208
007197 21 169 160 216
006495 1145 165 1234 191
006654 1 218 248 374
007029 443 191 470 213
007156 522 174 574 216
006479 921 150 1019 181
006967 95 193 185 221
007222 65 193 130 218
006764 551 186 576 204
006622 968 155 1058 200
006734 8 186 232 363
006989 511 188 538 208
007358 249 202 427 292
006459 625 176 651 193
006614 403 187 433 206
006844 487 186 524 211
007268 802 176 856 201
007319 1 218 113 321
006538 981 153 1072 179
007057 543 162 573 183
006399 500 192 535 218
006556 2 137 320 366
006814 412 151 535 255
007222 427 159 475 185
007286 883 189 968 238
007379 497 187 525 206
006479 787 156 873 185
006649 652 167 693 191
006814 513 174 571 221
006526 664 174 707 214
006924 177 179 272 211
007143 696 161 730 183
007143 701 173 730 191
006528 462 141 567 215
006612 543 190 574 212
006770 636 176 665 196
006954 445 178 478 198
007183 1146 138 1239 189
006362 9 189 212 348
006780 455 190 492 221
006888 435 183 459 204
007121 636 181 674 215
006430 502 165 541 198
007222 6 198 86 227
007228 823 168 968 223
007134 224 184 284 211
007255 1176 139 1224 184
007105 665 170 701 193
007108 228 190 275 218
007361 400 188 475 214
006809 1 214 137 297
007260 1160 226 1240 294
007437 3 201 273 366
006385 492 185 514 202
006956 443 172 471 193
007317 739 177 769 196
006713 446 178 479 202
006717 1111 116 1242 212
006449 2 192 66 278
006711 572 171 604 190
006736 1208 146 1242 183
006586 452 186 482 204
007019 514 181 551 210
006525 802 169 1154 371
006541 998 233 1241 372
006643 477 170 507 192
006665 5 166 169 245
006793 2 204 58 239
006611 529 176 560 197
007411 641 183 685 219
006598 607 165 656 195
006638 554 181 576 199
006640 343 178 383 201
007186 524 180 566 195
007195 518 172 576 217
007449 1 182 409 376
006782 865 163 908 185
006944 465 185 496 203
006363 780 164 879 222
006570 1 223 32 375
006592 602 186 626 205
006592 599 177 621 195
006854 573 186 592 202
006768 616 168 649 207
006910 1031 151 1231 248
007365 505 177 538 192
006803 427 188 455 207
007403 744 137 1031 356
006888 706 161 736 179
007012 455 180 482 199
006764 631 176 667 208
007039 493 181 533 208
006782 805 162 854 185
007002 167 190 293 251
007020 527 176 561 197
007141 1188 171 1242 211
007365 37 167 136 217
007317 851 175 890 195
007020 203 166 391 245
007388 796 167 834 194
006386 598 167 624 188
006725 551 176 578 199
006838 33 195 369 369
006528 181 179 310 227
006359 588 190 610 206
006937 569 172 613 213
006455 595 164 623 184
007432 641 175 666 192
006601 105 203 213 253
006633 451 171 499 202
007035 421 182 484 219
006425 1 1 84 38
006589 203 183 316 239
007218 859 166 900 188
006968 181 212 317 271
007087 601 177 621 193
007180 578 182 597 198
006362 474 178 502 195
006362 478 187 507 206
006582 545 172 567 191
006716 1186 174 1242 234
006827 1049 194 1178 275
007169 486 177 525 204
006623 663 176 728 209
007178 5 215 208 374
006855 472 185 496 203
006906 1083 221 1242 375
006565 1031 186 1242 366
006912 256 189 348 220
007056 8 186 134 233
007457 1089 178 1242 369
007119 577 178 608 208
006777 1148 244 1227 283
007183 635 178 662 196
007268 135 192 179 216
006629 2 200 180 375
006957 1135 197 1241 270
007447 1000 201 1242 367
006569 845 179 890 206
006742 390 179 459 207
006474 3 211 168 357
006789 747 178 777 195
006789 748 190 775 206
006838 546 178 569 199
007247 58 192 99 212
006712 584 165 606 187
006959 405 202 443 225
007001 836 170 881 193
007235 609 167 631 185
006815 721 174 793 196
007143 438 187 466 211
006771 438 177 466 193
006868 637 178 673 208
006474 633 179 666 207
006529 252 194 306 220
007157 2 204 54 235
007174 824 161 866 184
006415 1093 214 1242 375
006598 119 156 413 356
006478 1121 205 1238 374
007020 84 166 432 371
007052 1060 158 1112 181
006678 450 179 529 207
006713 642 176 672 198
006496 836 161 896 202
006741 1008 200 1235 369
006876 413 178 449 198
006997 3 205 44 241
007422 1044 147 1130 183
006366 525 180 562 210
007218 980 166 1032 189
006696 1156 247 1242 350
006768 31 207 306 355
007113 549 181 577 202
007167 755 178 786 197
006590 636 184 664 207
006381 9 153 56 188
006620 1067 184 1242 357
006822 11 215 182 338
007031 506 184 538 209
006773 669 172 696 192
007132 1007 154 1099 194
007423 651 171 690 197
006655 605 178 628 196
006657 269 122 469 279
007178 684 171 720 201
007210 438 193 492 228
007263 146 166 261 226
007355 656 183 699 218
006859 838 80 982 146
006844 611 177 644 199
007240 382 190 430 220
006649 603 177 637 197
007342 746 161 803 193
006859 298 188 358 219
007421 23 190 124 244
007274 467 189 496 205
007315 1168 204 1242 375
007424 1 208 94 285
006889 351 179 443 230
006525 1101 146 1242 336
006595 510 178 546 206
007130 7 143 240 367
007280 619 182 647 203
007398 1162 216 1242 372
007457 3 207 83 240
006413 820 167 868 190
007043 1142 193 1231 236
007478 590 168 622 196
006967 1088 142 1177 192
006507 410 188 439 205
007014 696 173 765 203
006366 693 177 719 197
007082 1148 255 1242 375
007235 380 181 409 200
006387 663 170 692 188
006781 301 189 378 235
007317 166 202 217 230
006677 641 192 666 210
007079 200 167 302 221
006478 599 186 675 242
006874 676 155 792 236
006967 302 180 367 204
007339 101 184 235 255
006612 436 192 473 224
006554 30 141 209 229
006870 503 183 537 206
006491 1163 147 1238 181
007354 2 185 78 231
006366 600 177 622 194
006737 458 187 489 205
007035 475 186 529 207
007469 583 160 614 191
006442 409 185 435 205
006483 440 177 463 194
006987 240 174 356 214
007357 545 174 564 191
006720 686 176 745 230
006868 653 172 707 211
007020 1 174 156 282
006372 675 161 714 182
006869 1 1 283 124
007453 404 184 433 200
007031 194 197 290 251
007067 623 176 655 199
007433 1 172 66 225
006433 6 176 77 222
006841 597 185 630 211
007228 601 165 646 199
007001 795 172 826 189
006446 1170 182 1237 207
007277 625 177 647 196
006538 871 160 972 190
006686 1055 238 1241 366
007034 509 171 564 219
007207 482 191 512 208
007479 832 181 857 203
006621 599 179 624 197
007163 590 178 617 197
006381 545 175 571 201
006530 793 152 839 178
007163 503 183 536 206
007222 182 186 270 217
006867 1133 176 1225 205
007410 954 161 1147 239
007070 476 179 550 211
007099 559 162 599 193
007140 1181 200 1242 313
007031 603 185 629 203
007031 603 177 627 192
006723 535 166 568 194
006819 858 123 893 153
007123 167 187 306 235
006377 472 186 498 205
006409 3 190 68 237
006625 4 197 72 248
007277 539 183 564 203
006536 1120 160 1237 195
006598 726 175 780 208
007334 821 175 852 190
007334 819 166 852 180
007029 953 236 1021 268
006518 1085 221 1242 360
007423 567 165 603 187
006427 687 184 721 206
006542 824 165 874 190
006716 674 185 697 203
006723 585 175 607 192
007391 490 186 512 204
006467 480 192 502 207
007184 1026 230 1237 374
006468 459 171 533 208
006738 384 171 425 199
007138 550 172 574 191
007026 391 180 423 206
007143 1049 81 1242 250
007206 182 173 429 315
007122 1138 151 1231 185
006448 1164 137 1242 203
006930 596 188 621 207
006668 551 179 582 203
006779 622 176 657 203
007435 692 185 742 218
007183 559 177 588 197
006727 1114 226 1242 368
007019 263 188 331 217
006976 530 177 567 193
007071 867 154 925 180
007112 1091 234 1242 375
006409 982 186 1032 217
006598 544 175 587 205
006367 1182 160 1233 203
006490 295 179 333 198
006711 459 181 498 198
006360 590 169 619 187
006509 5 205 155 375
006700 1204 180 1242 225
007247 593 186 619 208
006619 654 170 686 197
006781 346 183 393 221
007062 461 182 511 220
007120 1003 164 1063 189
007357 557 171 581 188
007442 547 171 574 192
006756 994 159 1061 188
006446 333 179 383 207
006496 978 167 1068 203
006468 645 180 695 217
007256 619 180 644 198
006382 14 231 89 275
006441 1 275 59 311
007100 925 209 998 238
007475 987 224 1239 376
006753 611 178 645 204
006983 4 201 61 269
006530 810 159 877 188
006511 455 176 495 195
007462 1040 178 1234 375
007280 1040 219 1240 364
006629 670 176 708 205
006864 915 160 1030 204
007042 452 187 481 206
007399 593 166 623 186
006800 946 204 1232 361
007190 140 160 237 196
007403 629 169 658 188
006514 626 171 680 226
006936 1106 191 1242 375
006967 972 221 1126 295
007301 525 186 557 210
006360 1038 196 1238 373
006665 492 165 536 199
007277 641 182 664 201
006985 1121 161 1235 197
007393 1146 215 1240 273
006773 1008 209 1235 373
007015 376 183 414 209
007166 618 154 660 182
006954 597 180 626 208
007108 335 180 366 204
007438 1106 255 1242 358
006870 591 179 615 196
007120 1078 170 1133 190
007287 593 174 611 193
006604 1013 208 1238 375
006673 1219 178 1242 226
006781 367 176 415 212
007204 613 178 633 194
007296 1219 195 1242 241
007001 1192 175 1238 218
007035 462 191 500 214
007213 1010 209 1215 372
006511 1 227 35 267
006793 544 181 577 201
006907 1037 180 1240 376
007156 434 159 545 245
007396 108 185 195 227
006389 1 82 32 116
006593 589 186 607 201
006934 1 239 212 370
007176 561 169 594 196
006766 1076 165 1240 368
006974 641 172 667 190
007087 1 215 72 266
007197 722 167 742 185
007356 797 166 904 225
007475 252 192 291 222
006820 308 186 407 253
006871 390 183 438 204
006493 1 194 34 231
006928 293 166 373 221
007426 587 167 613 187
007453 454 179 481 195
006629 654 175 683 198
006655 190 193 276 242
006982 1 174 73 282
007185 326 189 371 211
006617 1165 229 1224 331
006436 593 176 617 197
006865 559 186 582 205
006932 538 173 580 205
007210 508 185 550 208
006680 387 165 423 182
007357 800 152 833 170
007379 630 175 651 192
006698 355 173 408 196
007102 493 175 523 195
006457 1116 169 1174 191
006544 2 281 22 318
006723 1215 264 1242 353
006536 563 183 591 202
006855 550 192 568 207
006961 902 172 991 221
007289 1197 155 1242 179
006629 1 141 48 195
006787 770 177 798 203
006886 1135 162 1242 236
006533 468 180 499 203
006755 1070 202 1242 374
007309 606 179 637 205
006975 160 185 212 217
007441 1 48 32 82
006655 615 181 644 203
006904 85 199 169 230
006924 709 166 728 181
006469 393 183 436 218
006688 504 183 548 200
006862 350 183 418 233
007019 1076 198 1242 375
007046 668 175 723 217
007345 483 178 511 195
006577 411 180 441 203
006911 746 174 785 196
007350 917 179 991 213
006946 686 172 715 193
006978 1042 197 1235 374
006712 1099 180 1240 361
006824 295 178 329 196
007051 500 186 542 207
007276 1040 210 1234 371
006990 808 167 1214 370
007038 471 186 507 211
007345 471 186 501 204
006765 628 174 656 198
006581 10 212 288 370
007174 493 183 526 208
007452 1 136 50 265
006528 1089 250 1238 329
006716 431 183 470 210
007181 1226 217 1242 282
007233 594 182 619 201
007406 484 188 513 204
007463 1032 214 1235 371
006498 2 194 105 248
006525 8 224 169 356
006769 513 162 572 190
007109 985 182 1213 359
007273 486 186 534 220
006404 1036 64 1226 142
007161 1 231 67 278
006733 922 156 1018 195
006884 329 177 406 209
007213 9 179 71 236
006488 377 189 415 213
006576 1226 183 1242 244
006812 1175 210 1232 256
007261 1156 241 1241 369
006524 1225 279 1242 366
006797 984 154 1238 367
007028 621 174 650 197
007439 233 165 322 220
007058 1 199 27 227
007472 559 185 584 204
007089 1142 240 1242 372
007402 577 176 603 194
006443 298 182 329 202
007019 592 178 615 196
007457 1211 183 1242 241
006669 780 136 1056 326
007235 1 146 79 200
006416 613 163 653 195
006628 782 174 838 202
006748 1017 205 1240 374
006946 702 174 757 193
007291 648 176 709 201
006998 550 175 584 205
006379 770 1 838 30
006376 496 178 532 198
006634 599 172 621 193
007204 950 201 1224 357
006537 905 179 934 199
006470 1105 186 1191 222
007292 2 248 22 293
007396 974 221 1240 375
006827 2 259 35 303
006893 718 164 737 180
006960 691 174 758 200
007143 510 182 534 199
007238 996 226 1239 374
006390 390 176 503 239
006525 1 250 93 315
006992 492 166 557 199
007161 668 216 716 251
007307 1 158 23 195
007337 1221 283 1242 346
006735 1158 217 1234 284
006849 463 178 493 197
006856 110 235 303 358
007297 1161 232 1241 334
006747 566 174 590 196
007026 6 191 93 227
006714 438 187 468 205
007325 425 180 519 215
006526 582 165 606 183
006837 768 176 798 200
006856 1 102 53 163
007076 621 180 644 203
006431 943 157 1029 227
006836 458 182 485 204
006617 559 165 593 191
006867 1200 155 1241 207
007102 4 172 75 221
006694 620 173 660 199
006768 281 200 428 256
006845 1140 188 1242 231
006829 1166 172 1242 205
006604 447 177 478 194
007349 711 170 748 192
006371 1029 212 1238 372
006820 714 166 754 182
007233 898 74 1027 129
007384 1040 245 1239 358
007205 1 293 21 329
007282 19 208 288 373
007268 1 110 22 146
006976 1 273 37 335
007294 650 167 699 223
007342 1182 254 1242 371
006868 904 180 1232 367
006953 1031 217 1237 375
006780 237 176 309 215
007122 1067 160 1125 183
007081 1226 279 1242 361
007153 794 179 833 200
006449 813 92 890 134
006960 646 178 673 204
007138 932 1 1185 86
006470 163 175 379 298
006530 1 250 66 364
006447 1035 126 1183 190
007122 1218 232 1242 303
007212 1124 174 1239 368
006789 1029 231 1238 374
007345 1034 219 1241 375
007093 2 1 210 100
007441 1127 209 1242 371
006785 731 163 776 185
006408 345 178 377 195
006417 419 185 451 205
006930 601 180 620 196
007255 556 163 579 181
006382 1225 281 1242 334
006884 2 252 23 295
007114 654 168 715 220
007037 385 171 487 271
006852 1024 228 1239 374
006907 264 181 306 215
007091 643 178 667 197
007413 1144 192 1242 370
006420 537 177 567 203
006421 1154 212 1240 370
007125 1008 212 1235 372
006882 1145 242 1234 347
007009 424 192 463 214
007015 379 187 444 233
007177 627 187 651 206
006950 925 149 975 173
007156 1 139 171 245
007392 642 167 686 189
006394 534 176 564 205
006393 3 36 57 75
006446 1035 211 1236 349
006662 1125 71 1240 151
006843 545 177 570 196
007004 66 174 123 205
007222 305 181 348 202
006484 2 243 19 274
007380 564 165 606 193
006515 1 81 39 120
007361 485 176 538 199
006518 1111 78 1242 209
007067 1 158 164 352
006694 410 143 529 238
006734 1114 232 1242 375
006910 773 187 808 207
006977 592 185 612 201
006979 560 180 584 197
007306 326 166 359 182
006444 12 141 157 333
007193 1221 212 1242 281
006542 1066 161 1116 187
006647 1153 155 1242 274
006809 1052 193 1181 262
007039 1225 238 1242 292
006537 1149 238 1242 375
006568 636 174 667 199
006594 8 198 176 366
007415 1 300 23 338
007467 1075 182 1242 373
006623 1 197 34 237
007218 1 55 28 94
007438 632 182 658 201
006532 648 177 683 212
006770 561 178 588 199
007255 3 172 84 234
006389 1 187 91 227
006531 1 162 22 191
006559 516 175 571 214
006603 1225 167 1242 197
006759 1 276 18 316
007053 404 188 490 225
006572 1221 241 1242 297
006576 1 212 22 255
006624 165 211 295 268
007070 643 181 686 206
007104 1080 149 1239 349
007388 805 161 873 215
006425 1109 222 1242 374
006670 1006 204 1239 369
006410 119 179 236 231
006492 299 183 346 211
006591 663 171 807 236
007426 602 162 633 182
006888 708 172 735 189
007061 422 188 448 204
007298 698 164 742 190
007388 1063 136 1219 189
006733 1137 234 1242 373
006870 524 183 553 203
007134 7 170 81 221
007164 1 270 20 314
007091 499 180 554 234
007277 1 276 35 314
007314 535 175 562 194
007050 323 177 352 193
007457 1061 186 1153 217
006922 1189 159 1241 244
007298 2 185 38 222
007262 2 279 22 317
006530 1219 271 1242 343
006896 2 287 20 326
006972 1 88 26 121
006410 1036 204 1222 370
007019 584 186 606 204
007145 172 183 396 290
007277 1154 254 1242 361
007331 2 193 36 233
007396 658 181 703 218
007452 1 218 28 263
006399 649 179 698 207
006481 598 174 622 193
007381 1 93 37 159
007406 1181 175 1235 272
007453 445 187 472 204
006565 567 166 586 183
006970 1218 176 1242 231
007008 1146 251 1241 370
007131 641 177 669 196
006561 584 183 609 208
007459 663 188 691 209
006494 2 195 46 224
006800 1133 258 1236 340
006877 1218 176 1242 231
007091 1087 206 1242 347
007149 1222 210 1242 264
007214 610 182 660 234
006535 624 182 654 206
006711 745 158 789 179
006851 1038 190 1237 371
006740 1161 163 1242 229
007101 817 127 1198 375
006706 1217 212 1242 287
006997 1 291 16 320
007007 1217 176 1242 232
006907 867 182 891 198
006952 581 176 610 203
007009 2 243 22 291
006789 10 191 182 262
007457 1141 178 1239 231
006370 936 1 1242 125
006723 1 252 19 291
007063 557 176 582 196
007171 1091 1 1242 60
007212 6 225 188 364
006639 601 180 644 217
007099 852 216 1221 366
007386 199 178 280 218
007429 364 164 394 184
007438 3 233 183 364
007239 534 178 567 206
007049 2 202 38 259
007294 1160 230 1242 372
006410 624 178 644 194
006752 639 176 670 199
007279 1224 287 1242 364
006419 763 163 844 221
007045 1027 161 1081 191
006964 1218 297 1242 374
007068 1 215 52 326
007378 1218 181 1242 249
006449 1092 235 1205 309
007124 1218 176 1242 232
006904 1088 84 1242 375
006644 693 200 776 248
007015 851 221 1240 376
006982 195 192 241 227
006461 1150 141 1236 203
006624 1053 196 1239 372
006902 689 169 723 191
006967 596 186 629 209
006467 2 254 20 296
006708 788 164 822 182
006663 1224 286 1242 339
007435 2 104 42 148
006715 570 170 586 187
006739 1080 211 1241 364
007247 432 177 476 206
006542 370 179 418 202
006769 6 183 175 355
007098 1111 194 1240 355
006587 555 176 599 208
006468 637 179 666 200
006526 648 181 678 206
007014 1 79 22 142
007077 736 207 790 251
007131 666 181 721 224
006523 636 177 691 205
006571 1218 177 1242 232
007198 817 183 848 204
007233 2 64 18 110
007403 640 172 677 199
006871 1139 140 1237 193
006886 544 173 569 194
007077 1188 216 1223 262
007205 1161 239 1242 371
006534 2 139 94 186
007397 1108 187 1239 364
006389 625 175 761 246
007220 1085 222 1239 356
006369 1062 208 1239 374
006723 1056 207 1239 375
007091 8 227 168 371
007416 1220 205 1242 269
007016 499 182 522 200
007445 1 224 76 356
006897 638 179 669 205
007029 462 178 488 201
007334 1221 273 1242 375
007341 264 185 337 217
007221 1222 200 1242 262
006467 1212 172 1242 218
006881 850 170 894 208
007064 307 177 351 200
007097 1142 205 1238 290
007232 752 177 780 201
007241 2 295 16 327
007248 7 188 172 253
007256 1226 174 1242 238
007343 773 136 869 241
007393 708 181 773 231
006405 635 153 683 205
006565 561 184 580 202
006837 652 176 692 203
007049 8 234 264 361
007304 1 60 27 91
006408 15 195 72 227
007423 13 220 154 345
006428 1072 141 1237 347
006904 625 175 656 199
006958 401 180 566 265
006529 1222 234 1242 300
007035 1189 139 1242 195
007088 699 163 749 211
007191 7 109 144 370
007262 2 253 21 290
007360 830 202 1238 374
006401 1215 126 1242 183
007163 601 173 632 194
006771 1082 217 1238 375
006777 1218 222 1242 271
007003 459 175 551 211
006390 1222 149 1242 197
006538 729 167 756 186
006818 1165 123 1238 348
007389 376 164 413 190
007447 393 146 495 249
006960 524 183 555 205
007178 331 202 409 243
006484 1 277 22 316
006484 481 177 505 195
006600 1220 285 1242 344
006694 1226 215 1242 298
006713 1220 298 1242 373
006633 2 227 34 279
006865 1222 279 1242 365
006371 1209 211 1241 267
007290 11 206 243 369
007332 1220 258 1242 334
007451 1 16 21 48
006393 990 165 1239 304
006588 639 166 680 197
007181 2 203 36 248
007331 1 277 16 310
007161 1144 130 1237 248
006698 1 275 18 304
006532 473 164 548 200
006647 777 166 805 191
006718 651 170 682 195
006879 19 186 261 367
006897 370 188 475 234
007058 2 201 47 255
007397 588 180 609 200
007002 948 204 1235 370
007393 179 179 343 253
006417 484 183 510 200
006663 4 206 121 374
006695 930 168 1238 371
006727 7 212 176 375
006741 1 87 38 135
007279 1126 257 1242 375
007418 1019 216 1236 368
006468 1203 267 1242 375
006595 645 172 674 198
006943 392 178 458 235
006663 816 170 864 193
006513 629 175 658 197
006602 490 170 558 206
006725 529 176 565 208
007089 868 135 1060 190
006787 927 122 1056 163
007051 453 182 497 219
007125 1218 230 1242 299
006364 1065 232 1144 263
006528 2 180 66 299
006842 1 181 44 233
007350 1 111 46 157
006403 620 177 644 193
006466 1105 210 1242 370
006822 754 153 1058 342
006889 236 179 392 255
007239 423 177 452 198
006786 2 231 32 279
006753 456 178 504 204
007141 459 170 515 207
007206 2 126 32 171
007437 695 165 730 200
007145 1 188 74 230
007242 1193 170 1241 211
007470 550 187 577 210
006760 1223 207 1242 264
006957 1 260 16 296
007053 772 190 822 218
007303 1042 208 1242 362
006533 2 239 32 273
007475 826 186 853 203
007475 826 176 855 192
006631 546 174 580 204
007157 1 285 29 327
007429 380 166 409 181
007099 1130 59 1242 111
006608 1012 210 1125 299
006632 732 150 770 175
007078 639 166 698 219
006775 1098 1 1242 59
006780 515 181 553 213
006934 938 226 1242 369
007196 5 158 146 220
007342 605 162 635 183
007385 1 278 32 348
006773 677 184 699 200
007224 1 43 16 76
006608 1067 1 1239 67
007398 653 173 679 194
007120 1186 201 1238 278
006439 1195 276 1242 321
006529 569 166 587 182
007393 362 178 446 226
006909 981 126 1231 326
007114 87 179 183 210
007131 11 222 174 374
006374 1 124 45 161
007256 633 177 672 208
006796 24 230 334 368
006972 972 171 1132 262
007002 1 210 16 238
007210 2 171 52 208
006553 1223 279 1242 349
006553 1015 179 1084 207
007409 794 175 948 240
006377 2 232 31 271
006562 494 180 527 202
006937 1014 193 1216 370
007218 343 191 388 229
007339 819 220 1241 375
007406 489 178 516 195
006507 580 168 602 189
006536 1 207 39 254
006678 554 179 577 196
007314 463 178 487 194
006700 889 196 987 238
007210 498 192 529 213
006369 2 219 55 248
006482 646 165 685 191
006696 2 231 21 271
006759 2 245 28 291
007205 1 257 27 312
007251 1081 172 1242 361
006546 967 189 1113 251
006729 2 203 34 242
007053 799 201 824 221
007249 513 179 539 196
006393 1157 244 1242 367
006491 819 166 867 188
006660 474 164 536 198
007440 508 182 540 208
007035 1220 145 1242 181
007291 1226 132 1242 174
006493 1055 194 1239 365
006784 1 161 30 196
007100 1 83 33 125
007304 1136 252 1242 344
007449 1 77 20 109
006601 1 260 18 291
006762 610 178 633 199
006948 531 178 567 207
007470 1178 256 1235 335
007155 1 262 52 307
006397 1 239 17 276
006919 1 101 38 138
007247 483 177 508 196
007397 1227 218 1242 291
006780 141 186 293 252
007292 487 187 512 205
007329 708 208 1118 374
007274 979 181 1238 368
006522 528 171 557 196
006958 429 200 491 233
006984 6 166 101 279
007414 381 174 434 204
007469 388 180 460 249
006454 581 164 621 187
006591 451 178 512 216
006715 1 55 32 105
006860 6 203 212 370
006387 498 174 525 190
006441 1080 216 1238 372
006503 398 176 434 195
006842 517 183 557 204
006675 1 137 52 185
007102 458 164 487 182
007108 1 223 33 277
006782 997 148 1078 178
006843 1053 205 1236 371
006977 603 190 622 208
006977 599 178 619 196
007195 1219 188 1242 248
006475 1149 228 1238 368
006557 695 183 731 208
006747 1 212 31 258
007270 2 277 33 325
007309 2 98 29 149
006522 594 167 619 185
006599 1147 199 1242 252
007053 624 176 671 208
007266 441 187 476 212
007197 2 228 23 258
007357 1072 222 1238 372
006908 1149 199 1238 296
006976 1 117 73 172
007019 1219 269 1242 340
007373 963 177 1036 206
006491 766 165 816 189
006577 1226 288 1242 364
007090 1 85 18 115
007206 541 178 565 200
006907 115 197 207 242
007240 636 180 672 205
006622 1225 74 1242 114
006788 1101 1 1242 54
006934 2 41 21 103
007409 5 227 183 361
006628 768 165 811 189
006404 1074 127 1241 367
006492 1 175 22 204
006574 1220 199 1242 257
006696 1206 191 1241 214
007112 1224 274 1242 358
007342 1219 269 1242 348
006983 1218 152 1242 212
007108 347 183 385 210
007279 1 228 58 295
006444 424 140 521 218
006481 1 212 39 261
006640 372 177 404 197
006912 648 174 686 199
006964 651 167 697 198
007002 1 9 35 50
007045 1 99 79 152
007062 1 268 99 356
006710 416 179 498 210
007027 1 162 64 218
007046 217 176 291 211
007292 1 288 19 333
007309 1086 199 1242 371
006394 697 205 1123 376
006629 1 285 22 333
006533 1149 232 1242 362
006617 1 177 32 204
007234 1167 265 1241 359
006594 567 186 588 204
006489 884 162 939 190
006614 392 180 422 196
006984 51 184 150 225
006501 1 165 71 195
006937 1 16 34 64
006992 1227 286 1242 346
007004 1 281 19 311
007109 1167 143 1237 290
007235 1221 215 1242 290
006415 1 208 26 255
006432 1098 1 1242 61
006607 36 213 352 372
006978 10 163 395 357
007050 323 183 364 205
007218 1 110 37 155
007268 1148 39 1242 113
006718 507 185 534 208
006827 707 191 808 232
007020 233 184 315 237
007028 1 180 27 217
006874 2 226 35 275
006498 500 180 545 206
006687 1 184 28 231
006692 552 169 578 186
007006 1223 196 1242 259
006985 538 182 570 203
007228 343 190 391 215
007342 620 174 666 204
006599 315 188 346 206
006714 1221 147 1242 193
007008 1 216 19 250
006762 2 222 18 268
006844 181 197 245 230
006448 1222 194 1242 241
006546 1 249 60 309
007098 1176 201 1242 296
007213 1222 276 1242 349
007347 920 153 1016 184
006416 1152 137 1242 375
006438 1093 1 1242 60
006627 1175 261 1242 373
006936 562 182 584 200
007187 1 161 23 196
007302 1225 220 1242 264
007060 1196 249 1239 318
007440 477 197 518 225
006365 1223 284 1242 359
006818 191 225 290 256
007353 663 170 702 201
007425 2 81 20 113
006522 1111 193 1218 244
006608 5 192 82 258
007000 1051 206 1236 369
007019 1 227 113 375
006396 412 170 449 192
006522 1 300 21 333
006599 2 282 35 332
006740 1220 265 1242 326
007059 1220 204 1242 273
007423 1093 216 1237 370
006481 1021 214 1237 371
006510 1 294 22 329
006792 397 176 437 194
006366 678 178 705 202
006682 1187 134 1224 186
007454 493 176 531 210
006491 830 156 879 179
006625 22 208 187 282
006695 538 180 565 200
006841 1222 248 1242 319
006875 1181 118 1242 185
006648 854 174 979 233
006855 1218 228 1242 299
006869 946 163 1003 185
006921 1084 209 1235 374
007005 5 99 94 158
007130 1219 237 1242 268
006422 1 281 20 316
006518 579 164 600 183
006576 1 281 21 319
006999 1 231 21 262
007089 1099 150 1242 236
007111 1061 171 1242 371
007401 497 174 548 217
006491 1221 221 1242 262
006533 1177 52 1242 108
006720 213 199 365 261
006812 2 310 18 344
006997 944 213 1038 325
006372 1 262 102 351
006946 1093 58 1225 114
007191 574 175 600 194
006708 637 180 657 195
007343 1220 221 1242 281
007418 1 29 19 67
007024 570 154 596 179
007187 2 290 18 328
007225 1 284 18 326
007289 727 160 772 180
006696 2 193 32 234
006709 1 83 22 116
006726 379 185 429 221
006876 631 172 650 190
006603 1206 176 1242 206
006371 2 153 23 199
006489 354 180 393 201
006842 587 170 615 187
006938 1074 243 1239 368
007003 664 159 747 230
007013 1091 1 1242 61
006708 2 298 19 348
006798 641 179 672 205
007004 1 206 29 242
006675 332 184 434 225
006738 1226 240 1242 312
006745 682 177 725 208
007020 1085 1 1242 57
007184 1 78 35 130
006654 1 72 90 143
006770 490 183 524 210
007093 854 177 878 193
007106 2 175 69 219
006435 1 174 124 295
006543 626 171 657 193
007260 593 168 620 191
007419 1217 160 1242 202
006382 4 233 40 273
006473 1 54 24 109
006601 1 283 19 319
006632 688 152 737 177
007370 1 308 18 346
006500 1222 212 1242 255
006675 1151 115 1242 199
006694 2 286 22 322
006862 735 211 1241 374
007195 470 168 560 236
007212 848 211 1034 365
007374 55 179 355 370
007402 2 299 17 341
006553 1 250 16 284
006869 836 154 1074 367
007061 1226 276 1242 324
007224 1133 247 1242 371
006420 713 209 1165 375
006598 797 185 913 248
007289 1 219 31 268
007384 1171 130 1242 185
006414 1078 203 1237 374
006497 526 178 561 206
006728 772 179 822 221
007069 495 176 556 207
007353 1164 203 1236 308
007374 1 171 92 207
007450 1226 213 1242 253
006529 2 217 64 253
006712 1224 214 1242 278
006714 2 201 67 243
006798 655 177 695 208
007133 1 143 16 181
007316 1090 1 1242 58
006853 834 214 1214 373
007345 1 194 17 229
006937 21 159 261 342
006956 1227 252 1242 315
007071 834 159 863 181
007233 612 181 639 204
007478 1 121 31 172
006534 1221 282 1242 352
006566 4 223 282 367
006360 1 273 97 353
006632 20 241 273 373
006838 179 166 304 223
007078 1 212 52 255
007435 1 272 21 304
007067 535 180 562 201
006484 1155 234 1242 367
006514 553 184 580 205
006733 1004 186 1202 358
007245 1221 198 1242 251
006865 1055 200 1242 372
007166 24 172 263 309
006441 1 1 25 59
006606 1 306 25 335
006633 241 177 331 233
006674 1039 207 1242 368
006974 953 182 1006 206
006388 2 216 24 250
006446 1 147 17 173
006845 990 158 1121 235
006928 357 173 406 211
007162 845 211 1224 373
007286 750 200 853 248
006817 442 193 509 245
006882 103 129 275 200
007054 1 110 37 159
006731 1223 275 1242 347
006926 736 173 928 289
007056 1 107 35 150
007169 1177 210 1242 354
006496 1123 140 1224 186
006681 1222 171 1242 233
006868 566 179 588 199
006893 1 152 31 194
007290 973 97 1220 363
006523 523 169 545 185
007067 556 180 580 198
007227 518 187 541 204
007411 1 198 22 230
006587 1224 279 1242 348
006636 2 257 22 294
006663 1 258 55 354
006840 1086 168 1240 375
006843 644 181 667 201
007156 1155 188 1240 365
006391 831 165 891 210
007227 1 28 37 98
007389 1 220 32 261
007464 1 220 70 274
006921 657 157 696 177
006952 270 178 334 214
007135 760 90 839 125
007218 238 176 296 223
007403 1 181 36 215
006587 488 177 535 205
006958 1180 152 1241 191
007020 97 183 226 243
007435 3 196 73 258
006460 1186 145 1241 192
006538 1228 195 1242 244
007334 877 163 920 180
006534 1 132 140 275
006648 1 227 65 373
006700 2 222 112 326
006719 1157 192 1242 329
007153 1086 226 1242 363
006442 2 217 23 250
006562 1212 146 1242 215
006612 1 97 27 135
006786 401 163 438 184
006916 1212 284 1242 348
006945 1219 175 1242 219
006947 1041 194 1242 375
007463 1211 212 1242 276
006762 2 296 19 331
006986 4 236 109 297
007394 1049 212 1235 375
007454 529 173 582 214
007473 1130 139 1224 188
006846 621 171 655 202
007406 1150 209 1242 375
006702 1225 193 1242 257
007107 1 87 37 123
006514 900 16 1224 131
006943 379 174 423 210
007032 2 258 52 318
007039 1206 223 1242 310
006362 126 167 258 254
006376 457 179 492 200
006389 678 163 730 193
006981 1139 246 1242 374
006629 260 203 355 259
006891 520 178 553 205
006899 1150 240 1242 370
006962 1227 257 1242 329
007022 2 187 32 219
007164 1 237 27 287
006531 2 274 19 313
006674 1 237 35 266
006843 1 129 35 177
007270 1085 196 1241 372
006855 2 208 38 237
007457 732 175 778 194
006367 1188 92 1242 167
006380 2 181 61 251
007230 1221 267 1242 343
007241 1 241 20 273
006444 1215 267 1238 326
006496 638 163 673 189
007100 706 183 736 203
007363 2 72 37 112
007384 2 297 16 336
006367 2 237 31 266
006987 1145 176 1242 228
007053 1088 182 1238 358
007230 235 171 362 227
006359 1051 199 1242 375
006857 631 174 661 196
007314 2 267 23 298
007413 1 266 21 294
006420 1 290 18 321
006590 1225 267 1242 337
006647 685 177 713 195
006671 1 190 18 219
006455 625 169 648 188
006967 476 182 516 204
007304 1 27 21 64
006797 1 87 33 130
007313 2 196 60 239
006610 1078 212 1233 375
006641 13 1 135 40
006829 1045 207 1237 375
007165 1076 180 1234 372
007389 1 229 284 372
006397 891 160 953 181
006679 695 165 729 192
006683 938 194 1241 368
006712 1 212 25 263
006797 1 152 16 184
006943 328 190 401 235
007294 1 229 36 311
006787 622 194 667 221
006820 719 175 744 191
006876 1224 240 1242 287
007068 964 196 1222 366
007120 884 166 931 187
007215 1217 281 1242 355
007257 1143 236 1241 324
006640 1221 211 1242 299
006786 1 275 22 311
007013 726 171 756 193
007200 1016 86 1241 277
006582 1054 220 1240 374
006811 1224 284 1242 359
007111 1 200 34 242
007407 762 173 798 200
006554 1 101 23 134
007294 1213 81 1242 154
006422 1035 220 1213 368
006767 1127 197 1242 363
