221 193 442 326
470 177 537 226
773 192 996 329
571 183 637 249
711 174 897 253
759 184 935 266
693 177 893 308
1 182 232 278
1 190 337 374
606 175 690 238
206 198 419 325
776 138 1081 330
250 205 444 358
54 194 236 267
568 170 783 370
1057 157 1242 259
771 172 881 258
738 189 960 328
253 179 460 306
39 185 416 375
860 142 1036 200
176 178 488 367
134 192 404 346
753 201 1146 375
138 191 254 245
356 183 484 267
3 184 345 373
438 183 523 240
129 207 325 290
732 169 877 270
91 178 407 349
803 168 1188 372
702 179 793 247
838 179 977 245
559 174 629 239
13 174 380 375
842 206 1239 374
159 178 461 374
689 181 870 316
1 192 363 372
718 175 923 307
754 183 950 296
1 188 260 338
478 178 570 246
283 191 454 285
448 174 515 240
320 190 436 257
518 166 742 374
329 191 471 278
689 174 778 237
926 163 1241 373
569 184 642 254
663 175 756 245
751 189 947 283
198 187 440 345
911 156 1242 321
1 218 239 375
1 195 441 374
696 177 814 272
885 183 1175 326
1 208 308 368
409 191 517 262
272 180 387 250
2 198 308 368
105 186 376 323
1 199 325 374
342 189 438 257
172 194 441 354
948 172 1240 370
558 174 678 287
766 187 936 296
965 185 1242 306
683 186 850 254
358 201 520 300
778 179 958 315
757 165 1079 368
612 158 687 218
654 188 728 248
354 192 512 301
212 182 389 286
735 180 987 339
1 197 360 375
781 188 984 307
1000 174 1242 313
692 172 791 244
808 171 1022 307
46 193 438 375
837 202 1242 374
294 181 621 360
1049 159 1222 273
910 193 1242 374
1 200 202 373
1 185 226 317
520 160 738 373
507 182 760 270
547 165 711 332
807 181 1070 324
359 178 474 262
724 192 876 281
2 196 220 330
572 172 644 242
786 161 899 247
897 161 1242 375
246 194 473 329
812 214 1227 375
108 199 343 311
746 178 973 305
98 190 351 337
786 160 1167 372
4 198 289 333
759 181 965 321
1 180 242 373
1 180 363 373
669 168 756 240
903 204 1238 374
408 186 495 245
846 193 1238 373
379 171 511 280
916 198 1242 374
2 215 243 369
705 181 924 321
470 185 565 250
870 162 1142 272
611 156 721 228
130 180 325 267
751 183 964 296
1 199 327 376
801 177 1037 272
830 212 1242 375
381 177 514 264
2 193 362 374
403 189 512 272
2 210 286 371
457 173 618 271
935 206 1240 373
178 188 371 296
804 179 1182 373
134 188 265 244
778 181 1018 347
158 198 349 311
836 189 1242 373
809 179 1167 369
10 187 404 374
1 202 204 320
518 159 744 374
287 183 581 283
1002 178 1239 357
1 186 266 372
756 175 933 247
262 180 473 247
365 179 487 266
392 172 498 254
165 192 453 374
18 208 146 262
5 178 314 354
315 192 456 237
790 179 1192 372
282 179 472 312
729 172 887 285
443 187 542 254
129 189 300 299
709 187 927 288
762 172 895 230
775 187 1059 370
727 176 861 285
256 182 420 252
746 193 889 292
106 188 400 332
462 173 533 227
298 172 415 235
1 191 355 374
1 191 190 300
220 189 413 295
309 202 502 346
346 190 434 237
513 201 911 374
410 208 627 339
377 183 548 314
1 205 343 375
271 188 420 273
225 189 500 356
1006 161 1242 254
302 186 468 312
506 164 741 256
175 206 473 375
330 177 527 314
753 174 880 228
760 184 1025 339
93 183 432 375
783 173 1157 375
1 188 408 373
342 175 469 275
687 179 772 243
1 191 365 374
728 175 948 327
266 195 393 272
733 181 894 291
811 192 1168 375
488 186 618 260
330 179 428 226
128 172 400 313
785 178 1050 362
671 177 819 291
167 191 461 362
1041 185 1242 371
161 163 471 375
36 201 424 375
397 203 540 297
434 178 562 238
283 194 472 327
816 191 1125 368
338 194 477 285
785 179 1009 325
192 186 389 312
692 176 799 257
237 194 352 263
421 163 525 236
246 200 471 355
8 198 257 322
1 211 348 375
335 199 506 313
606 172 676 239
785 173 995 279
763 189 927 267
2 191 294 375
1 199 187 311
850 189 1242 373
827 179 1226 373
29 200 311 348
734 159 1063 339
1007 175 1242 304
349 182 468 261
402 181 498 259
1 196 262 324
300 177 478 284
255 186 422 281
907 194 1239 374
590 169 813 259
749 180 1024 360
351 174 476 251
1 180 252 369
830 180 1225 372
276 205 400 279
523 160 737 374
664 174 755 245
794 167 1176 372
382 189 473 257
213 183 467 339
1 191 121 256
1 200 276 375
279 187 445 295
230 190 358 260
718 196 993 352
760 178 951 268
972 163 1242 370
1 213 403 375
695 180 803 265
7 199 327 375
924 174 1242 375
820 184 1106 341
722 171 870 292
183 173 382 253
858 187 1234 375
227 190 414 298
862 185 1214 374
5 181 118 225
863 188 1240 372
707 172 830 267
1 184 236 365
770 186 1221 373
728 192 909 297
781 180 1077 338
677 179 745 238
2 180 255 350
1 206 354 375
565 176 665 262
4 206 279 347
701 175 868 274
231 194 397 279
758 159 986 314
1 191 274 375
453 188 559 253
521 157 756 374
8 147 335 356
331 179 438 253
591 171 707 268
521 159 737 374
1 140 183 327
228 184 451 347
868 180 1242 375
696 181 788 247
521 160 747 367
825 177 955 240
695 175 783 236
8 180 379 375
1 220 289 375
735 172 913 316
145 174 439 348
706 175 941 262
547 165 711 332
88 186 255 251
520 168 757 373
9 168 263 279
811 174 1207 375
4 209 242 370
80 188 234 252
1 203 242 367
722 175 904 284
708 190 808 255
311 188 465 299
146 186 268 246
509 187 648 270
705 172 924 334
423 178 528 269
52 190 273 286
766 184 953 311
208 199 366 299
727 163 873 272
767 180 949 320
936 186 1242 364
155 213 413 370
213 200 431 346
233 192 360 250
726 186 830 259
125 187 357 336
589 179 656 239
1 189 295 330
205 192 343 257
268 196 475 321
383 181 473 243
253 175 483 321
435 177 544 253
8 191 176 256
192 200 429 357
237 209 425 322
825 176 1242 373
694 177 798 265
393 181 494 254
9 189 186 355
52 180 310 320
743 171 1012 276
721 182 834 265
812 170 1138 366
421 185 537 263
3 204 426 374
373 200 532 310
503 198 627 266
497 168 572 228
741 172 902 277
943 197 1241 375
41 190 202 254
581 176 709 289
855 164 1105 332
1 188 162 281
578 171 721 304
796 194 1077 358
750 184 1108 371
519 156 755 374
88 200 229 256
752 185 1044 370
6 206 360 374
289 197 461 309
333 192 432 268
1 210 286 373
893 186 1242 375
759 173 946 305
404 176 539 271
297 187 429 288
1 205 387 373
389 188 515 269
438 191 546 266
828 200 1231 375
1 188 341 375
179 184 525 374
320 188 499 309
7 186 240 297
679 174 754 232
3 199 369 372
355 187 474 263
867 189 1233 372
1 193 391 374
1 202 312 373
128 178 338 294
396 190 469 244
675 171 765 245
1 176 335 375
512 181 589 238
871 167 1242 375
137 171 462 364
722 174 910 307
678 173 765 241
282 193 414 268
367 182 505 241
29 196 400 374
816 178 934 242
1 169 159 267
558 170 676 268
448 169 551 250
212 193 379 283
3 209 248 371
831 190 1240 375
335 182 417 233
586 178 660 243
993 179 1235 255
830 185 1164 367
504 170 572 209
109 192 444 374
547 166 711 332
158 181 295 240
2 204 269 374
284 192 436 288
867 211 1241 373
20 172 365 363
355 185 489 267
715 176 900 300
1 195 238 284
927 175 1242 374
700 183 828 263
949 180 1239 373
1 197 226 367
807 155 1161 280
484 172 560 215
758 178 955 325
159 196 393 342
666 177 776 264
401 172 536 275
4 175 284 370
60 197 388 364
736 184 954 278
694 180 848 285
106 176 438 358
819 166 1119 283
1 175 167 255
1 188 188 322
293 183 539 349
188 183 408 321
758 191 968 345
737 176 928 306
403 190 521 282
751 154 1118 353
9 204 298 347
877 183 1088 280
808 190 1185 374
335 190 503 298
863 189 988 245
1 202 178 356
592 177 686 270
968 156 1242 375
958 191 1238 364
16 170 418 374
596 177 836 275
751 188 981 283
3 196 310 368
787 189 969 302
1023 187 1242 313
808 182 1195 372
308 188 441 272
125 185 420 342
732 176 889 287
250 185 449 320
774 171 1039 345
719 173 889 298
1 185 344 373
3 197 309 368
505 173 623 216
1 210 336 375
376 186 479 253
400 174 513 262
790 153 927 252
223 184 374 279
6 171 389 374
520 158 741 374
852 187 1242 373
5 180 359 374
533 171 656 257
788 190 974 311
113 182 415 329
159 192 488 375
305 190 526 344
611 173 692 253
203 186 430 313
3 185 241 285
722 181 882 290
240 186 497 336
907 179 1241 375
39 189 448 375
448 173 539 244
1 194 188 297
469 180 564 246
1 212 220 375
684 188 761 242
271 195 498 348
800 165 968 234
6 196 283 345
712 174 985 357
548 176 705 319
204 195 389 293
1 208 185 375
1 211 291 368
657 176 749 246
693 183 806 270
9 213 357 375
441 179 537 259
833 201 1242 374
563 174 691 285
782 194 992 314
874 170 1236 375
833 179 1242 375
375 192 498 275
443 181 594 252
3 183 315 373
557 173 680 277
165 192 439 357
393 180 544 291
1 178 344 298
321 191 492 299
808 195 1104 361
1 197 352 373
939 197 1242 373
629 179 889 284
714 188 884 302
16 205 423 374
3 197 309 368
756 163 878 204
763 186 839 247
567 191 697 278
3 193 253 344
1 206 168 369
730 182 834 263
514 186 755 335
3 169 202 358
697 171 833 284
6 193 207 269
961 173 1137 257
330 189 483 266
740 176 873 275
1 172 196 309
944 195 1238 375
644 168 713 224
476 164 545 224
206 164 412 240
59 173 386 277
686 165 959 343
594 172 650 227
736 179 945 270
30 171 315 269
4 179 247 355
713 185 856 282
617 176 677 231
823 171 1230 373
30 216 388 364
87 190 359 283
423 189 521 262
1 192 452 375
882 142 1064 207
407 180 515 254
394 193 525 296
300 188 367 237
368 186 454 242
264 187 452 292
28 183 246 286
353 182 490 276
39 207 418 376
353 165 473 253
196 189 443 266
584 178 647 238
770 188 1242 373
369 188 505 284
190 183 372 310
526 176 601 223
662 167 724 216
247 177 525 342
802 205 1220 374
9 191 145 312
953 176 1088 221
481 176 539 218
435 185 532 250
565 176 620 227
250 191 367 278
284 183 428 280
576 174 631 225
16 191 234 285
595 176 659 237
41 192 474 371
424 185 529 259
410 189 516 267
1 196 297 375
585 166 636 225
26 197 186 265
105 181 290 237
474 166 546 223
685 170 778 238
746 151 945 276
397 171 510 254
665 179 738 241
760 186 1242 374
139 189 482 375
1 160 191 299
826 194 1242 355
12 177 232 268
789 173 983 276
667 182 720 227
1027 188 1241 367
698 173 766 228
987 205 1242 375
40 195 232 274
14 192 285 282
516 192 612 276
723 181 771 226
698 185 794 254
908 175 1242 375
1 192 139 328
633 171 763 288
700 177 807 253
1007 190 1242 373
795 178 873 238
759 176 982 290
270 181 404 238
439 172 524 232
904 163 1242 314
5 198 289 361
689 156 819 256
341 191 449 272
152 184 385 293
924 151 1242 375
5 182 333 349
29 180 314 302
1066 183 1242 375
404 175 534 279
712 181 865 298
3 211 147 375
344 178 440 248
767 181 1062 359
315 181 534 264
129 183 390 277
459 182 521 241
564 176 619 229
297 183 437 234
1 183 235 345
140 190 254 251
573 175 642 239
453 174 510 223
584 181 653 231
946 180 1242 374
90 173 177 215
172 182 358 274
1 174 123 234
719 178 887 292
326 185 517 312
438 166 534 233
804 181 1036 354
456 176 550 231
805 194 1231 375
14 168 307 307
36 191 390 373
755 178 862 268
495 176 577 209
402 186 525 272
548 186 729 349
236 179 339 233
868 185 1224 370
757 179 946 295
943 172 1074 221
980 222 1239 374
312 189 454 299
332 187 414 231
449 180 539 243
691 173 805 260
5 169 373 375
357 178 485 268
50 190 189 241
255 188 339 227
891 192 1066 293
402 184 593 254
1075 159 1190 238
570 176 626 230
669 178 769 247
50 195 204 266
234 204 366 271
915 160 1123 236
816 177 916 236
446 174 540 253
222 171 464 330
573 173 631 228
351 217 473 300
290 195 463 296
210 180 318 223
1044 176 1242 284
287 186 434 288
733 171 1044 370
678 184 754 238
566 176 614 224
911 182 1242 375
818 182 1242 374
29 172 451 374
793 157 1225 374
700 169 821 274
683 173 771 247
476 179 544 235
1 188 150 270
453 187 527 244
148 185 258 235
704 171 860 289
1 185 269 371
296 191 422 270
561 177 628 235
5 180 237 342
36 194 216 264
615 180 696 246
490 188 549 232
3 189 133 255
811 178 1033 301
911 192 1240 374
457 168 538 244
1 198 321 368
729 179 859 276
354 131 549 286
714 188 842 260
213 178 424 290
571 182 633 233
481 204 575 282
965 207 1242 374
373 184 449 250
649 162 759 237
493 175 590 250
389 194 533 284
780 183 1040 373
4 183 115 238
451 181 558 254
752 186 1007 361
255 180 437 300
667 174 728 226
1 193 301 327
693 174 806 255
881 182 1235 374
798 174 884 226
1 188 339 374
33 176 150 239
440 171 512 226
719 175 878 244
11 196 334 318
725 166 969 317
2 179 321 375
228 196 439 350
925 172 1051 229
51 202 181 246
875 177 959 240
5 147 178 362
367 177 437 224
73 201 202 249
249 183 415 311
666 176 754 246
1 177 200 369
599 174 666 242
239 193 464 264
717 178 989 276
836 175 953 214
200 170 504 363
1027 168 1179 231
428 187 550 250
596 176 661 239
756 181 909 280
374 183 478 252
127 185 214 222
450 184 530 242
587 179 659 244
755 194 939 310
162 171 405 307
59 197 251 262
240 176 392 253
397 178 546 276
579 178 650 240
187 188 345 257
718 179 893 296
925 183 1242 352
313 191 486 290
1 198 360 375
559 170 654 211
222 184 379 271
378 186 456 230
775 176 872 227
3 199 194 363
684 176 781 251
222 194 423 295
1 190 137 256
264 191 367 253
103 197 216 246
282 178 412 272
1021 208 1242 372
181 189 281 237
643 177 710 238
205 176 324 233
773 177 978 312
895 181 1224 370
262 189 358 256
60 179 257 274
233 191 345 253
305 173 401 236
954 178 1095 223
998 188 1242 375
195 175 458 375
655 162 722 221
733 178 899 303
7 174 303 316
1091 176 1235 222
462 174 541 225
283 170 444 284
306 180 458 284
570 175 629 231
416 176 495 249
378 177 471 239
712 174 823 254
590 173 649 210
205 199 389 290
275 174 431 235
463 184 539 240
15 202 395 374
591 186 701 282
673 164 781 259
316 187 405 236
1 204 174 318
915 188 1242 374
360 190 484 285
257 173 418 238
2 189 208 314
551 182 798 288
711 179 837 273
1 189 137 239
204 195 444 340
750 174 842 244
513 159 608 237
442 164 623 276
18 192 205 268
374 189 497 272
275 178 407 257
802 169 963 233
398 166 503 249
8 156 314 265
165 200 302 269
1 183 181 297
1030 163 1239 247
496 187 557 240
722 184 950 328
459 177 552 245
1085 175 1242 272
662 179 728 240
594 170 651 227
177 190 302 247
323 188 684 318
885 159 1186 375
155 190 287 251
1 186 118 290
569 174 672 270
396 188 530 272
707 180 827 270
804 180 1216 374
544 186 636 255
702 162 812 266
185 178 313 225
368 183 492 283
1 190 122 285
774 172 943 269
690 173 819 266
291 177 398 236
177 140 485 257
133 175 458 375
2 194 351 371
805 163 914 212
803 180 1152 374
1 207 295 374
759 182 912 304
439 183 527 243
321 168 467 266
773 161 1061 359
687 152 857 266
242 188 322 225
329 180 431 228
425 188 522 255
423 181 525 253
664 170 720 219
769 164 851 236
395 164 516 269
573 176 637 249
182 204 275 244
752 165 1191 371
372 192 505 299
14 189 391 365
771 167 979 321
774 177 1034 331
1 197 302 361
1 204 151 311
855 154 1241 293
803 147 945 196
361 179 464 252
355 183 465 249
253 186 329 228
262 179 360 229
757 181 904 291
523 170 596 232
91 190 433 367
831 188 1242 375
246 186 339 232
374 186 480 256
2 186 114 227
490 178 546 228
409 181 540 278
446 186 519 238
471 178 557 242
382 176 463 241
794 148 925 199
261 181 361 245
87 191 244 260
296 182 455 241
679 180 772 248
543 159 617 216
1 208 97 301
43 185 368 375
582 180 635 230
439 190 508 237
1 188 188 313
311 190 438 269
596 173 661 238
671 176 736 230
427 184 510 228
787 193 1208 373
331 193 435 272
323 188 487 295
1 227 265 372
567 181 679 284
433 187 505 234
319 192 459 283
1 167 355 374
690 175 834 283
1 164 355 375
712 179 795 241
789 178 1044 311
2 191 161 370
12 169 294 278
747 181 899 247
1008 193 1242 335
14 184 327 326
218 181 341 248
269 181 462 319
875 129 1236 372
521 164 602 235
307 189 445 225
617 181 694 240
1 184 239 368
481 175 542 225
821 181 1188 375
530 173 597 232
1062 214 1242 370
810 190 1041 343
777 171 977 311
1 206 187 362
711 177 823 251
256 186 420 277
19 207 443 375
89 173 299 282
363 171 469 260
571 171 624 223
8 186 308 290
396 173 502 271
554 175 619 228
955 176 1090 221
365 178 533 242
20 197 177 260
1095 161 1242 237
114 191 232 237
517 177 584 224
347 181 458 251
455 179 529 238
744 191 957 340
843 195 1233 374
656 172 710 216
329 181 437 250
591 176 656 239
776 185 934 262
567 186 659 266
764 198 1232 374
609 167 739 260
202 181 335 241
1 180 205 324
727 177 863 285
780 178 1101 356
829 159 1020 229
773 202 1242 374
1 188 425 373
399 191 473 240
812 150 1172 375
392 171 509 269
745 176 910 287
700 175 801 249
852 178 918 241
1 169 111 282
497 175 578 258
1 168 192 352
118 174 385 263
330 182 456 291
8 183 262 293
319 198 492 311
269 189 371 254
360 180 466 222
205 186 306 231
193 167 390 267
475 169 537 225
1 203 384 373
964 150 1241 374
377 176 480 212
599 173 649 223
475 187 529 234
561 183 617 234
321 188 509 300
708 177 870 290
109 184 275 273
705 181 845 289
214 187 476 368
958 183 1072 234
1 152 318 374
406 172 516 281
807 167 951 225
275 186 523 374
266 186 339 228
395 182 483 236
10 191 266 363
98 175 303 253
2 189 78 233
557 176 611 226
527 174 746 256
183 196 277 249
1058 204 1242 372
798 163 945 213
1055 176 1181 254
137 192 212 237
636 173 689 215
535 190 574 224
1 184 137 295
597 178 656 230
311 188 396 239
919 195 1242 373
36 189 174 243
144 189 243 224
645 186 722 241
1 219 180 371
156 188 298 272
256 179 356 239
575 175 639 233
306 188 428 268
733 179 900 278
367 174 500 270
494 177 586 241
320 178 429 243
251 193 364 258
578 181 670 267
1094 187 1242 254
371 175 468 238
825 172 1150 373
618 173 676 225
30 198 131 245
465 181 528 236
678 179 739 235
241 189 369 236
965 192 1241 373
687 180 756 234
806 160 987 223
426 189 487 247
186 143 480 246
85 177 340 274
392 174 498 256
685 174 782 253
663 173 724 224
361 176 518 291
742 204 976 334
394 184 505 243
487 178 551 227
403 174 512 262
958 182 1071 234
230 183 327 234
689 189 732 231
1 196 133 325
208 190 378 276
7 190 125 252
141 193 258 240
439 184 507 235
1008 189 1242 375
226 193 316 240
484 175 546 233
740 178 877 289
287 191 414 270
90 204 252 268
119 197 263 264
1 182 142 296
815 182 1230 374
199 178 348 235
2 211 237 375
668 175 734 241
4 186 306 365
368 176 497 229
429 189 497 232
588 174 651 228
696 185 799 258
481 182 554 224
195 193 294 239
423 186 507 248
163 186 311 261
567 181 676 277
1 197 157 326
296 182 414 225
569 187 624 230
712 173 820 254
639 178 690 229
309 176 448 234
194 194 372 290
376 174 457 237
992 162 1228 245
597 169 716 224
1 187 160 308
130 188 236 229
211 195 336 262
153 176 220 205
582 185 656 253
43 185 152 228
329 178 407 235
180 194 285 239
646 176 715 222
419 178 514 251
665 184 712 226
692 184 792 258
5 173 318 329
474 172 558 242
151 184 244 241
285 185 522 342
787 181 1016 304
246 192 470 275
262 179 426 232
755 188 816 237
718 189 884 290
853 219 1229 375
707 175 826 270
2 192 254 373
510 192 584 243
233 191 394 293
664 156 756 229
60 187 171 254
450 178 563 242
480 171 563 216
215 181 340 272
450 178 540 245
771 179 924 276
695 180 781 242
938 197 1242 375
397 186 483 235
259 185 402 272
256 184 448 250
708 176 827 254
962 186 1240 372
293 187 360 239
2 170 191 314
7 196 132 281
38 173 380 375
1 193 254 375
795 193 1074 338
678 171 882 252
885 186 1227 373
443 181 529 242
380 183 512 285
686 169 810 279
369 180 495 286
233 196 382 293
337 191 413 229
1 201 162 325
453 182 537 246
437 189 500 230
453 164 518 217
143 173 433 347
752 179 877 271
463 188 528 236
574 178 672 266
588 174 638 226
572 177 627 228
464 183 523 231
571 173 676 275
443 183 517 240
580 176 657 251
476 180 688 290
1139 158 1242 203
408 183 478 240
720 178 841 255
223 173 426 261
720 175 835 253
650 176 719 232
1 183 363 369
342 187 413 234
249 192 433 313
659 178 712 224
5 205 242 355
451 165 550 213
577 173 629 223
655 177 703 219
607 177 667 231
563 175 631 242
781 187 1136 375
721 175 941 343
460 176 536 242
522 174 574 206
432 180 514 248
499 190 555 238
944 189 1235 373
927 186 1239 334
575 174 647 225
698 174 829 290
1 212 130 370
1090 182 1242 373
331 190 467 274
658 187 736 252
1088 178 1218 240
396 180 473 244
45 194 139 244
186 166 261 200
86 172 174 211
569 173 630 230
392 181 478 245
704 174 837 289
109 176 354 292
421 189 528 243
253 177 337 211
268 185 422 290
13 176 346 306
207 178 421 274
8 186 189 287
573 180 636 232
730 175 827 240
723 177 842 274
411 176 496 214
438 190 490 226
640 180 694 221
590 173 626 210
779 190 1098 375
643 175 711 216
526 173 583 225
131 199 247 249
1 217 181 373
691 169 794 253
713 179 813 245
586 173 671 241
169 176 282 220
1 209 153 298
119 166 378 274
403 177 550 238
1 168 226 355
107 185 202 230
430 190 492 232
1023 194 1242 373
507 156 574 211
280 189 356 237
3 207 154 315
329 186 439 248
407 186 521 277
1 195 130 268
681 183 770 250
413 180 496 212
565 183 626 231
8 151 249 325
549 172 619 241
635 175 777 274
454 183 522 228
282 193 397 251
388 189 482 239
333 182 403 234
558 187 603 228
160 159 321 257
324 178 443 238
362 187 422 227
107 173 332 262
279 188 457 285
575 172 620 216
571 186 626 229
729 165 828 231
302 174 391 220
697 172 804 220
617 182 902 295
711 180 861 287
2 217 245 374
546 183 595 228
354 184 441 236
781 161 956 233
618 174 670 226
577 168 620 208
411 162 499 230
645 173 746 250
969 189 1242 375
782 160 1236 375
338 183 458 225
737 178 870 284
38 184 360 309
1052 125 1242 252
696 179 796 239
292 191 372 237
301 196 404 254
372 182 449 233
694 176 790 248
59 196 189 245
240 194 356 254
185 203 263 237
490 180 547 234
69 177 396 368
574 169 619 217
400 179 489 256
197 186 291 223
16 193 125 259
552 164 604 217
369 172 474 214
575 176 617 212
587 176 629 215
684 172 757 238
973 182 1190 278
670 187 730 236
334 184 415 237
57 187 276 268
803 180 961 293
592 182 657 242
658 185 719 235
438 191 503 231
469 184 536 229
727 167 859 249
879 151 1233 374
544 176 735 261
582 176 621 211
627 171 697 228
1033 152 1132 205
256 170 420 265
769 211 1242 372
498 170 553 210
443 190 529 239
351 139 482 240
636 172 689 215
1 201 148 285
32 195 170 255
19 186 118 223
703 140 949 290
332 185 424 217
421 177 536 222
703 192 794 231
287 167 470 245
321 174 407 237
3 180 126 232
488 181 560 240
820 163 928 201
567 180 621 226
332 183 422 216
790 182 958 290
718 178 773 233
544 184 596 228
405 192 460 238
2 172 238 343
300 182 431 255
736 171 871 226
379 188 432 228
703 168 793 244
705 172 802 242
189 174 393 241
575 171 620 217
221 167 418 288
610 171 666 209
28 180 302 286
574 179 629 231
674 182 725 219
852 164 1236 368
283 204 379 277
471 188 555 254
771 210 1223 373
424 181 559 260
550 169 604 221
362 190 447 249
703 170 745 209
395 186 468 238
1 196 279 376
404 169 522 223
417 182 488 215
706 174 815 265
570 180 620 225
559 175 617 235
678 168 758 199
334 174 487 235
518 177 561 214
568 185 623 227
369 179 545 262
445 183 515 232
374 187 426 229
65 161 368 283
240 182 358 239
724 177 783 231
1132 178 1242 226
241 173 418 249
457 180 515 226
1 160 222 370
670 167 732 215
5 197 231 307
1116 150 1242 238
534 174 591 221
598 187 663 239
370 176 500 233
943 131 1237 374
598 177 669 240
401 187 472 223
324 178 447 220
583 173 648 225
328 177 439 235
207 174 383 260
740 168 1092 290
694 174 788 255
991 147 1242 375
316 188 396 232
413 186 479 235
1029 159 1139 193
710 167 1074 280
607 170 687 245
689 174 779 244
863 143 1102 229
180 191 313 254
564 176 618 230
1018 179 1183 239
377 186 500 275
74 186 318 276
869 157 1002 211
681 173 773 210
288 190 403 238
557 176 606 222
289 189 378 236
923 122 1242 371
698 188 810 277
496 180 555 231
423 180 513 212
569 182 617 223
759 175 895 272
3 200 173 292
125 189 352 277
584 173 648 235
406 189 493 253
439 191 512 241
373 186 484 254
686 164 792 259
4 197 247 369
128 197 275 268
36 193 140 234
149 193 261 251
10 184 335 297
328 179 543 279
86 176 195 224
329 176 401 217
1 174 163 366
68 178 368 272
117 175 394 280
571 176 628 236
579 182 634 238
587 175 644 227
592 172 645 226
588 175 623 212
368 176 527 249
414 172 481 225
430 188 499 226
290 179 465 243
319 174 434 224
307 169 475 233
572 174 611 211
508 175 550 208
200 178 275 214
585 174 624 211
508 177 567 232
461 191 534 249
681 175 727 214
804 151 1041 254
508 177 565 222
1011 212 1242 375
1033 185 1162 235
488 187 561 239
243 192 402 300
1162 163 1242 220
1116 177 1240 267
572 173 613 210
373 190 482 270
707 176 842 280
1 196 123 320
147 185 301 269
854 175 971 260
713 176 809 246
683 174 767 247
724 171 823 219
726 161 830 207
504 174 555 210
330 188 428 237
136 196 220 232
721 172 889 294
396 178 480 232
577 181 621 225
330 184 440 232
342 176 418 234
671 162 742 194
66 186 216 249
923 210 1235 371
670 172 781 219
127 202 224 234
788 157 987 238
517 172 579 221
536 174 579 208
675 173 728 216
707 165 1167 312
576 177 613 209
373 193 455 247
985 194 1242 372
555 174 616 236
382 183 513 233
692 195 786 232
773 174 912 304
452 180 522 237
591 174 631 213
778 178 871 226
4 212 173 373
1150 200 1242 330
43 166 329 295
407 173 499 239
523 162 592 212
621 169 722 203
325 177 414 227
1066 187 1242 375
680 179 747 231
742 179 988 330
917 166 1230 374
367 180 463 259
72 161 361 283
1067 162 1240 248
713 173 796 241
161 167 371 241
351 182 424 221
420 191 507 254
711 176 769 226
1 224 102 374
408 186 484 233
646 177 686 211
481 184 562 247
498 174 560 212
358 170 495 225
998 163 1098 201
226 179 433 249
31 180 167 241
18 186 226 367
753 162 1044 361
442 173 517 234
644 184 724 216
7 163 286 335
581 177 645 235
648 176 715 221
529 174 660 221
712 182 833 277
644 176 706 219
166 174 370 257
209 190 307 235
874 192 1160 303
1 186 80 294
717 173 820 224
585 177 628 218
1 178 81 349
308 183 382 229
572 177 616 221
946 179 1058 225
1 183 195 300
3 177 81 355
670 172 756 239
119 198 200 229
226 178 432 267
3 191 280 359
1126 185 1242 320
215 183 354 256
639 171 691 212
435 179 504 208
7 193 108 336
2 117 144 284
1 164 107 349
574 177 621 212
689 174 742 213
655 177 700 212
695 167 771 194
483 178 575 217
442 181 507 222
1041 181 1239 375
576 172 634 228
782 185 857 226
1 154 330 372
98 181 210 223
391 169 445 210
126 214 244 268
1021 147 1242 255
673 177 756 238
324 176 495 245
476 172 525 215
808 185 1115 280
576 177 612 209
858 175 1234 371
388 190 506 257
1058 153 1241 273
693 179 805 265
652 176 708 216
250 170 435 239
668 182 735 243
795 181 1072 278
667 179 766 254
168 184 269 221
525 173 570 214
562 177 616 231
693 173 874 241
783 174 902 270
401 172 520 228
481 181 557 229
662 180 753 254
3 187 144 252
483 177 528 210
608 184 669 235
401 188 535 290
518 178 580 219
258 170 454 244
593 170 642 202
640 175 681 208
565 177 617 230
608 167 657 205
483 176 541 225
1103 187 1219 239
314 191 400 239
385 182 452 226
509 179 554 213
152 180 402 264
574 165 618 214
589 174 638 225
698 182 765 237
574 171 631 225
446 187 523 244
384 180 464 243
664 176 728 225
509 179 558 214
68 181 256 280
1147 182 1241 262
601 169 644 208
574 175 617 215
345 186 516 249
667 178 734 240
919 166 1116 253
1 191 87 246
977 202 1242 375
370 178 525 278
437 187 500 232
75 210 189 256
680 183 745 236
646 173 692 210
280 193 340 224
25 176 132 217
722 175 858 239
689 173 806 227
735 175 823 231
557 173 631 208
470 174 508 205
1 186 59 231
830 176 926 208
998 177 1108 212
262 175 409 228
6 172 132 244
1 194 132 364
238 178 391 247
338 189 448 258
421 190 483 235
566 176 616 214
105 204 197 238
608 186 656 223
918 211 1229 372
5 194 454 374
570 180 619 233
332 192 391 225
503 178 550 216
663 180 746 248
240 182 323 223
533 179 573 213
1 186 76 318
880 173 916 205
321 171 398 215
971 172 1080 254
94 179 189 223
224 198 329 252
371 185 462 232
1 149 96 266
673 177 723 220
629 179 673 209
585 177 652 243
542 183 588 226
191 183 289 221
269 171 450 238
424 176 534 214
406 179 460 215
416 167 503 227
4 205 75 236
188 159 258 192
464 189 537 242
328 177 469 254
1 222 64 258
410 180 531 276
582 175 625 214
430 178 494 223
360 181 402 204
680 182 758 238
296 181 346 217
795 174 923 225
411 179 497 241
497 185 544 217
403 187 521 229
1025 160 1239 277
659 176 711 218
1 156 97 266
648 170 776 225
243 200 346 241
837 188 1220 368
283 178 426 247
353 188 462 272
574 175 618 213
1 111 284 367
1023 213 1242 373
1118 166 1234 251
652 174 753 251
597 173 649 214
296 180 354 218
958 177 1088 218
546 187 609 230
312 185 379 240
120 188 352 279
151 192 244 236
554 175 616 229
683 192 762 255
1021 163 1147 225
448 178 506 220
114 202 222 241
333 171 483 232
566 176 610 216
586 176 630 218
242 177 298 210
459 186 511 230
650 177 711 223
334 190 460 248
572 182 619 234
94 194 232 236
757 199 917 292
679 179 746 239
556 183 601 220
244 186 322 222
1 170 178 287
51 188 215 235
667 174 728 222
129 182 256 237
2 167 124 260
928 159 1006 195
699 161 794 195
277 179 422 249
660 174 717 208
50 192 147 228
428 174 525 245
3 197 131 357
646 178 752 220
78 197 176 234
439 188 506 240
330 186 405 228
1086 184 1166 222
48 184 149 226
991 166 1115 209
552 179 601 222
616 176 716 205
659 167 727 224
771 177 855 214
504 178 548 213
600 170 643 212
714 160 819 202
975 183 1020 218
1012 165 1242 371
667 174 766 212
731 174 898 323
717 175 829 222
498 172 585 256
703 181 814 287
659 189 752 249
341 176 410 221
561 176 586 198
1017 144 1123 191
1 201 181 374
400 168 507 220
403 184 483 229
471 188 547 247
727 169 856 266
545 157 631 188
736 184 850 264
706 174 863 280
361 181 457 215
327 191 406 230
154 179 374 269
1005 187 1242 371
167 170 402 260
384 163 506 208
497 181 554 221
673 175 725 212
587 187 634 229
874 180 987 246
343 191 448 265
865 171 959 213
18 179 101 229
3 197 177 369
500 179 543 210
450 189 501 226
577 177 612 209
1077 182 1177 222
340 172 494 234
445 185 520 245
436 180 488 213
628 174 689 221
503 183 546 218
230 192 297 223
7 207 161 309
520 185 564 220
247 189 394 254
771 178 814 211
993 190 1242 375
123 177 240 226
818 169 884 199
193 165 309 207
257 182 337 223
731 184 803 204
429 187 477 218
660 162 698 198
327 176 465 244
501 174 549 217
224 180 370 243
359 176 448 229
686 180 771 248
701 178 822 235
155 183 291 246
627 179 667 205
1081 167 1242 239
710 170 831 228
521 186 573 222
353 177 468 222
598 171 640 213
678 170 754 239
227 178 292 205
536 165 606 220
1 185 55 219
1079 178 1230 222
430 186 493 227
539 166 591 200
642 176 686 208
1 189 103 252
67 188 178 237
432 172 496 222
1 175 99 370
434 175 494 226
789 162 902 263
204 178 285 215
934 194 1017 225
408 177 474 222
663 177 711 218
681 175 755 235
577 166 681 212
883 161 1004 214
303 183 471 252
495 162 728 255
430 184 515 243
894 179 985 255
791 153 1239 375
582 180 621 220
1153 143 1241 190
411 177 501 210
634 179 686 225
342 180 422 222
364 166 591 262
1 96 324 368
737 187 859 258
457 185 518 238
194 184 254 211
771 197 915 251
239 184 415 261
682 195 789 270
685 173 751 227
394 175 467 206
611 193 646 226
1 188 145 329
311 183 427 242
667 175 717 218
637 179 681 210
533 175 558 196
137 159 374 290
748 175 895 243
570 173 629 234
679 180 738 226
330 188 387 234
192 189 403 296
570 181 624 224
685 173 763 233
288 191 381 239
311 184 486 263
301 158 432 212
96 185 197 234
2 205 80 239
754 160 858 230
734 178 837 242
677 186 744 237
1041 143 1214 200
412 181 501 242
304 190 368 223
92 203 175 250
1 131 295 368
836 146 935 182
590 173 616 201
558 177 604 220
1 166 125 375
398 175 495 213
329 172 395 205
65 191 153 224
20 145 123 214
654 183 729 222
329 172 394 204
354 182 484 227
941 163 1173 234
40 191 150 230
761 175 850 218
672 182 725 223
1041 187 1144 229
443 174 537 237
667 176 706 211
456 184 583 247
265 166 442 287
329 172 393 204
969 178 1178 244
650 179 699 222
430 178 467 200
474 188 559 254
258 177 307 202
263 193 333 226
498 174 542 211
895 165 1043 295
668 176 731 229
130 181 220 225
623 177 666 203
253 179 338 221
1105 178 1242 360
594 173 619 197
667 174 719 219
439 179 519 209
262 192 356 232
278 186 371 225
423 178 536 233
253 191 342 240
772 178 834 220
329 171 392 203
713 182 797 248
330 172 394 204
1159 144 1241 191
573 176 606 209
329 171 393 203
232 181 371 250
664 180 757 239
821 178 1006 294
365 189 421 219
675 176 726 216
656 179 756 246
581 190 624 222
632 175 679 217
412 169 518 214
733 177 860 242
669 174 748 239
567 179 607 221
318 185 364 211
516 191 557 226
1053 146 1160 178
439 175 527 209
539 179 570 206
475 182 525 221
330 187 377 212
4 191 116 305
684 177 760 244
643 173 757 223
589 176 633 219
371 168 431 218
511 184 556 210
683 177 772 252
473 183 524 214
1 198 87 263
507 171 563 222
538 178 584 222
113 191 326 267
377 190 434 224
471 181 519 211
726 175 889 260
191 177 407 265
269 184 374 240
644 168 704 217
451 183 512 220
96 176 193 216
659 185 715 225
525 191 607 221
591 173 640 217
670 178 743 220
391 193 496 260
362 175 480 226
430 165 542 243
226 178 308 209
517 173 556 208
335 185 377 209
648 175 698 212
220 200 304 238
362 175 433 219
483 181 549 203
281 182 335 208
102 176 347 289
588 178 627 218
815 165 859 185
391 175 496 211
580 173 666 207
729 173 775 209
805 162 901 207
332 188 375 211
331 188 378 211
688 172 775 235
729 173 837 230
421 180 467 203
92 172 316 257
681 186 730 221
199 178 263 223
452 171 526 238
684 164 782 231
388 185 518 288
510 177 563 224
522 178 574 218
626 177 672 215
229 179 312 219
677 173 728 209
511 188 563 233
711 189 791 229
104 186 186 224
677 175 717 210
3 204 196 372
185 181 278 211
218 173 442 257
743 185 877 229
682 175 786 239
451 183 503 218
566 170 599 197
619 178 653 203
399 167 517 216
234 177 387 227
414 183 493 218
655 179 709 225
645 180 688 214
890 158 967 198
630 178 673 211
210 183 304 216
1052 147 1242 252
558 166 620 200
496 188 553 225
437 177 514 220
283 192 355 235
430 185 508 239
411 178 523 232
1 192 84 296
428 183 468 204
332 189 375 211
404 185 459 223
648 179 690 207
156 165 271 208
508 182 549 219
132 180 225 215
494 187 539 219
574 187 627 224
540 172 587 206
702 162 772 194
717 178 775 221
823 157 1153 323
341 148 414 198
655 188 701 225
757 173 801 212
645 186 697 217
339 181 491 236
1019 147 1241 375
4 212 81 250
214 187 282 217
669 163 755 210
1025 133 1224 198
652 181 700 221
673 179 728 220
2 193 201 293
738 155 914 288
514 180 570 219
843 170 911 196
483 177 566 216
565 200 608 238
421 180 466 203
631 175 671 206
694 185 817 268
681 174 729 211
424 186 468 208
568 187 623 231
573 174 610 207
390 183 490 258
380 180 465 230
529 177 561 207
539 179 597 217
687 179 765 216
15 185 203 284
346 175 477 229
725 179 815 245
425 180 467 203
332 188 375 210
339 183 385 211
267 166 436 253
170 185 241 218
486 177 580 211
421 192 486 239
534 178 612 211
574 177 621 218
532 180 573 212
463 186 513 220
370 176 485 235
675 181 737 227
263 168 304 197
582 174 625 216
208 176 435 262
299 193 347 219
481 178 527 218
754 175 1018 344
330 183 380 216
322 181 454 230
707 173 835 222
375 170 514 230
993 193 1157 332
704 170 804 216
337 178 418 207
641 174 766 227
657 187 701 224
639 180 735 218
446 186 497 216
151 179 259 223
437 178 493 212
682 179 739 222
529 170 559 197
238 176 389 234
988 171 1038 202
746 174 789 211
529 163 578 201
693 167 739 200
1021 148 1239 249
508 178 563 220
464 191 502 217
617 172 672 231
473 186 527 221
653 183 706 224
388 181 452 221
272 173 319 195
566 179 613 227
656 178 696 213
508 163 571 224
1 225 71 302
666 181 713 220
683 189 748 243
401 181 443 207
469 188 505 215
401 182 440 207
527 181 581 224
570 172 624 224
481 193 533 219
7 197 66 252
1159 186 1224 295
443 188 509 231
496 177 532 203
403 180 472 235
915 193 1001 221
448 183 507 222
52 179 183 239
649 179 689 214
232 176 315 227
766 172 830 221
486 178 532 201
21 209 112 274
525 180 563 207
486 177 545 227
637 163 667 185
137 189 222 247
509 184 550 215
403 178 513 218
394 174 491 214
296 177 426 229
397 182 453 221
546 166 586 199
327 193 376 221
787 178 834 206
640 173 670 193
500 186 550 223
429 190 508 215
118 172 205 208
557 166 602 195
588 172 618 197
966 159 1043 193
127 194 228 239
428 182 470 215
605 173 641 203
237 211 299 251
821 151 925 204
197 181 269 210
235 178 290 213
455 185 512 222
313 189 377 224
522 184 581 230
493 177 543 225
722 187 895 293
409 180 465 220
750 175 815 202
268 184 326 219
899 151 1096 226
446 174 496 210
268 181 380 217
467 179 501 205
122 193 190 222
1145 166 1242 375
239 182 352 246
653 178 714 221
354 184 418 218
476 172 565 213
613 178 647 203
577 171 639 215
380 190 444 223
451 181 513 229
358 178 494 228
717 178 768 210
597 175 631 203
572 178 620 203
633 172 663 197
355 184 400 208
668 178 738 224
419 164 547 213
256 178 316 204
405 183 458 217
682 175 769 228
374 183 483 233
1 213 72 284
743 168 832 200
351 183 420 221
182 188 244 215
489 163 537 198
354 173 472 222
577 174 664 241
457 172 539 207
762 179 912 254
1 191 110 370
531 173 595 206
1 175 76 214
308 180 488 239
815 181 1045 270
95 174 366 278
1089 144 1221 187
273 186 422 285
666 176 725 229
652 166 784 234
648 181 677 202
475 174 533 223
672 177 746 235
389 175 472 212
541 187 572 213
770 178 836 222
502 182 543 206
481 183 535 223
394 184 438 210
670 177 734 232
573 177 619 220
795 173 901 223
576 179 630 226
693 174 734 200
425 174 522 211
592 175 620 199
281 186 328 212
621 180 721 212
540 188 575 218
763 157 851 230
569 188 602 215
751 167 1242 345
333 191 392 223
409 186 465 220
145 186 396 253
589 179 636 226
605 160 645 195
490 179 537 214
461 184 521 234
634 186 677 222
702 179 735 206
666 174 735 221
554 177 602 224
502 183 553 223
512 175 579 232
465 182 532 236
571 178 606 204
247 194 338 237
210 173 432 268
602 169 696 206
578 174 604 195
580 161 642 191
469 178 523 210
111 196 184 229
385 186 440 206
680 176 768 256
359 190 404 216
1084 135 1232 374
1142 204 1241 375
599 177 628 206
697 164 783 196
644 177 694 222
581 171 627 217
1156 219 1242 375
519 185 569 217
782 171 978 282
928 195 1019 223
633 181 684 221
335 182 481 229
203 171 269 208
531 181 560 204
614 179 645 206
560 180 592 204
732 175 789 202
572 185 607 207
1 151 170 303
670 170 706 194
526 167 565 206
653 181 701 218
333 192 391 226
1 187 114 372
293 184 363 224
492 177 552 225
698 176 947 264
661 174 688 196
503 174 540 204
586 174 638 220
374 180 449 236
993 160 1123 207
651 176 709 223
548 188 580 218
184 185 392 289
416 179 478 220
667 175 726 226
674 182 719 212
496 186 536 214
767 177 934 264
544 170 583 200
475 184 515 212
723 183 770 216
513 173 566 213
713 172 833 235
1 216 58 323
824 148 928 182
254 185 362 239
421 180 467 210
342 180 408 207
538 183 595 204
25 192 129 222
696 164 783 224
239 175 430 251
185 177 250 208
583 156 784 282
587 176 618 208
973 152 1146 205
212 183 275 230
644 178 677 207
446 180 502 217
597 187 647 220
481 185 531 223
536 177 569 207
794 174 861 204
646 180 696 216
591 178 619 207
477 166 526 199
612 167 638 193
399 162 457 196
251 157 299 191
716 180 788 236
654 178 687 207
123 185 206 222
571 175 618 220
535 188 566 213
580 190 608 214
288 177 334 203
485 164 531 199
1 190 77 339
290 190 355 217
364 163 496 218
305 188 359 212
673 178 737 229
576 189 615 228
448 179 509 224
934 173 1086 225
667 187 735 238
350 183 485 269
921 169 1071 240
626 177 665 209
2 184 87 229
720 184 780 234
743 164 803 209
593 177 622 206
299 188 369 222
328 189 392 223
893 168 951 195
356 178 391 200
442 183 478 209
802 174 916 270
994 158 1105 209
310 185 423 244
321 180 387 204
471 188 512 218
3 192 52 252
479 180 523 211
592 182 635 205
449 180 516 235
966 161 1197 271
312 186 470 244
639 176 668 200
780 187 920 240
962 158 1222 248
525 176 573 212
680 181 755 223
475 179 512 209
6 219 254 364
86 193 164 223
285 185 342 216
450 182 513 218
694 187 752 237
574 178 611 208
582 178 622 211
685 175 751 227
637 177 693 227
204 189 282 226
479 176 541 221
9 188 356 373
502 176 541 207
948 176 1037 255
532 183 558 206
548 178 578 203
389 177 486 227
397 180 439 202
428 182 479 228
3 211 99 301
972 191 1242 372
1030 211 1239 370
591 178 621 207
415 186 512 261
495 186 534 221
617 180 652 207
636 182 679 223
660 160 740 223
255 175 304 199
279 173 347 215
438 173 494 215
595 185 639 222
572 175 593 197
287 163 453 235
330 185 384 217
372 184 434 220
643 178 687 211
692 178 767 239
621 183 666 217
450 178 502 219
489 178 531 210
543 173 570 193
565 178 596 201
304 173 342 194
404 192 447 215
630 173 660 196
1 187 120 331
662 176 699 207
449 172 483 199
874 164 950 190
1023 175 1127 247
563 187 604 220
493 184 538 217
151 178 286 249
548 174 572 194
387 186 444 219
634 177 668 205
699 167 741 204
404 179 461 222
384 177 495 216
449 180 526 221
437 186 485 220
495 182 543 221
171 187 272 230
456 177 564 227
2 232 162 372
3 192 82 234
652 178 708 224
421 202 510 253
944 188 1035 215
593 176 618 198
671 160 753 211
298 166 395 223
169 162 404 263
433 184 479 220
549 170 589 201
153 182 303 275
545 188 574 217
881 163 941 193
603 176 629 203
400 165 449 194
454 175 528 230
637 182 690 221
715 173 912 245
600 179 625 203
666 183 723 216
577 172 603 196
589 173 633 216
410 184 450 207
443 163 505 193
371 164 427 194
369 172 495 227
592 171 620 196
557 176 606 217
841 178 885 216
873 163 959 197
1090 166 1183 209
746 178 798 217
484 163 528 197
638 176 673 206
512 180 558 213
629 174 664 212
236 201 359 267
590 173 623 205
572 183 631 220
550 167 582 195
559 172 581 193
699 180 760 225
459 177 496 199
572 180 619 222
1055 146 1149 195
650 176 709 221
10 188 181 267
616 175 652 202
658 175 693 207
421 178 463 203
288 180 343 207
591 174 619 200
494 169 556 193
431 191 472 218
486 182 543 222
911 150 1002 193
223 183 269 204
465 188 505 220
286 160 331 191
561 168 602 202
709 170 823 252
677 179 730 219
382 184 431 218
1 208 54 241
769 176 933 241
690 174 730 199
194 184 254 212
642 174 667 195
563 168 597 193
598 176 626 204
633 175 681 215
734 157 819 192
391 189 427 212
429 168 494 221
218 189 338 241
574 179 613 220
645 176 679 205
629 174 660 204
257 166 307 195
652 182 706 219
510 181 550 212
272 159 395 218
584 176 612 203
588 181 619 207
658 163 780 206
557 188 612 216
651 182 702 228
470 171 549 236
816 180 1069 298
275 179 329 203
348 179 426 220
659 178 722 206
793 165 840 189
384 180 426 206
715 189 760 217
90 192 235 249
372 188 416 214
587 173 623 205
597 175 629 205
361 181 396 201
331 188 493 247
397 169 526 253
577 183 610 210
674 154 751 190
575 175 602 195
413 175 465 208
466 176 514 215
477 185 513 211
286 173 434 238
1 202 88 253
660 176 690 193
883 167 955 200
587 181 630 211
518 174 552 193
608 178 643 202
496 173 527 199
573 186 609 214
456 182 495 209
766 156 800 176
668 183 715 221
837 195 1111 280
472 190 539 238
641 175 704 199
493 175 549 231
859 169 910 193
583 176 613 204
563 168 590 192
72 166 362 367
566 176 604 206
392 179 438 215
642 177 694 206
574 184 610 215
653 175 702 208
335 191 367 210
532 179 559 199
637 178 686 202
605 177 631 202
519 182 576 224
665 173 704 207
510 181 554 221
371 179 439 214
521 186 548 208
665 175 737 229
654 166 692 191
761 184 797 207
515 182 561 210
638 171 701 196
524 177 589 200
651 188 682 213
205 170 423 255
601 185 630 208
557 177 585 201
671 166 751 214
276 179 349 211
386 177 442 211
606 179 629 200
583 177 611 205
518 175 560 212
484 180 525 213
425 185 506 211
161 187 275 237
476 173 531 194
665 172 702 196
650 175 709 220
111 181 351 316
645 165 713 197
437 184 480 223
404 185 446 211
398 183 440 211
479 177 523 210
762 172 917 235
383 181 430 205
474 173 523 215
537 190 563 213
1 192 77 238
283 178 391 220
803 175 866 204
634 173 661 195
483 181 538 222
796 142 899 182
736 159 769 190
77 170 332 294
599 184 630 208
637 185 668 208
358 177 495 227
377 180 428 203
530 175 577 206
194 185 312 235
641 183 679 209
447 181 522 208
889 180 1056 251
609 163 652 189
582 176 620 210
542 174 573 196
298 179 351 207
805 175 876 205
502 176 562 211
702 171 784 211
760 165 808 206
701 175 745 210
662 177 694 201
385 181 428 211
332 185 376 207
505 181 574 232
387 163 442 205
170 169 406 317
583 175 608 197
525 179 563 210
636 174 674 205
375 183 415 204
454 175 485 193
959 178 1168 271
432 181 470 208
575 164 606 195
658 176 686 204
347 181 405 212
1 199 47 234
580 168 623 200
375 184 415 205
809 163 851 188
529 180 559 205
645 176 681 206
816 170 870 198
365 187 472 224
634 180 669 201
335 181 441 228
532 180 564 204
456 167 555 197
594 167 623 196
666 169 740 205
640 175 681 209
561 162 586 185
349 184 412 208
570 170 665 200
361 185 392 204
1 177 40 230
815 153 886 204
652 185 692 218
480 178 543 219
516 189 547 214
326 191 403 225
459 183 504 220
597 177 628 208
169 169 375 242
571 176 609 216
2 201 124 375
399 172 518 224
492 182 543 217
680 176 713 198
581 179 621 215
673 170 759 203
166 186 221 216
307 197 399 227
509 177 555 219
580 173 615 205
464 180 530 206
377 190 499 262
376 183 419 204
527 186 588 228
467 177 510 208
598 165 637 203
404 162 450 198
225 187 273 222
647 178 684 208
395 187 453 227
555 180 605 217
443 185 476 209
564 171 601 206
412 169 450 199
411 172 513 210
809 175 868 205
490 177 515 197
955 153 1123 230
354 176 473 233
436 188 469 213
652 159 746 189
578 185 606 213
544 174 587 203
243 193 295 223
513 176 561 215
631 175 660 200
668 156 712 198
659 169 697 194
403 188 444 214
385 174 518 227
692 169 771 196
637 175 658 193
560 174 586 196
393 178 436 203
594 178 620 204
429 188 459 208
580 177 623 209
197 178 256 206
586 176 613 197
450 188 485 214
534 181 566 208
460 187 494 209
706 180 756 228
274 181 327 208
454 171 521 203
653 178 687 203
418 183 457 205
444 174 532 209
841 189 899 220
620 179 672 218
651 167 697 200
532 187 570 219
431 183 481 214
1123 186 1229 375
638 181 675 203
465 182 500 207
655 184 703 221
699 180 752 221
900 175 1071 230
773 159 814 182
515 180 557 212
717 176 742 195
724 167 774 202
508 184 558 220
633 173 669 202
735 170 814 216
642 176 678 204
187 177 297 225
492 175 545 224
543 176 567 193
538 182 568 208
397 182 434 204
490 177 560 213
230 181 287 207
1125 161 1240 273
754 162 882 210
1 184 88 250
630 179 661 203
1 188 93 260
503 169 540 202
1 205 88 368
743 170 792 209
429 173 490 209
486 181 531 208
557 174 583 196
643 175 669 200
96 193 274 284
137 195 216 246
739 166 795 190
568 181 601 201
1 194 196 375
317 174 355 192
151 166 358 296
513 180 548 210
541 168 571 191
965 178 1064 211
1118 215 1242 373
329 168 402 216
474 178 515 210
387 169 503 224
664 174 729 223
649 178 680 205
540 175 590 208
610 164 648 192
569 171 624 202
439 182 496 224
505 176 540 203
541 173 569 197
435 177 491 216
511 179 557 221
406 188 443 209
567 167 601 194
651 184 703 221
468 175 504 198
490 180 541 207
324 185 369 207
243 177 288 200
382 190 422 224
368 180 482 232
561 177 600 201
858 165 908 190
438 176 498 212
415 177 470 210
285 179 374 219
13 194 115 230
377 175 436 211
152 187 213 212
441 191 478 219
597 176 623 199
615 163 641 185
670 183 712 216
844 162 899 189
350 173 440 205
537 179 565 201
649 176 688 206
652 179 696 216
894 174 948 204
549 170 602 208
410 183 448 208
987 154 1057 207
665 180 697 205
483 187 517 214
477 177 530 221
424 190 456 211
431 185 503 222
803 175 861 202
245 190 409 252
427 181 460 205
586 171 614 196
598 182 628 211
89 174 209 219
843 163 887 188
612 180 653 202
528 166 566 193
272 185 424 229
540 178 563 201
697 164 846 241
175 192 216 219
244 179 300 210
392 179 475 208
510 177 545 197
891 176 944 210
643 177 700 221
504 186 554 226
287 191 370 238
965 165 1090 210
468 178 504 200
645 175 686 212
457 168 498 192
13 195 116 243
616 176 652 207
201 191 318 244
800 178 830 200
510 177 545 198
547 178 573 202
738 183 772 202
540 177 582 211
991 147 1121 183
482 187 527 221
801 168 930 227
607 186 646 222
630 177 656 196
600 177 629 204
819 185 996 271
346 180 393 205
643 181 686 220
381 188 418 208
716 176 759 199
498 179 549 221
432 178 469 203
661 183 704 221
545 183 573 201
484 182 528 216
695 188 786 229
386 183 445 219
319 180 371 207
640 192 670 217
569 177 619 222
673 170 765 215
161 195 237 232
640 176 683 212
435 179 524 219
167 190 356 310
662 180 726 228
581 180 616 202
707 178 741 200
429 167 531 209
507 177 548 210
381 187 421 207
666 176 713 214
528 181 558 202
581 170 624 203
594 176 625 207
532 178 562 203
589 179 616 206
10 175 160 224
482 178 534 216
703 172 799 240
727 154 784 183
605 162 638 190
464 172 516 206
658 162 689 189
465 188 522 228
586 167 621 198
633 181 661 207
1 223 145 351
517 176 570 217
634 178 660 199
925 141 1142 252
641 161 690 187
605 178 627 198
146 188 289 264
636 178 676 208
443 170 528 212
702 172 734 195
598 182 626 211
1143 196 1242 375
668 183 695 205
560 174 591 200
784 158 832 188
667 178 713 201
665 185 726 226
323 185 452 242
621 176 664 213
471 177 498 198
533 187 572 219
835 175 1118 292
695 177 740 212
515 168 558 201
652 175 703 215
542 178 571 206
169 176 261 219
567 213 606 246
478 177 557 207
536 172 568 197
562 179 592 203
466 181 499 205
526 184 558 208
680 162 734 188
265 173 371 219
584 185 618 216
678 176 712 199
357 176 478 215
555 181 579 198
250 187 309 225
634 177 662 200
521 176 552 194
609 178 646 206
611 162 638 188
383 180 421 204
489 190 543 233
498 188 555 235
489 171 560 208
513 177 567 193
640 176 675 206
662 174 730 206
532 179 561 205
534 189 574 224
583 180 613 211
362 166 489 225
381 180 431 206
420 179 467 209
654 173 681 193
6 196 136 349
426 190 463 216
641 177 666 200
490 179 556 195
565 175 655 245
646 176 680 202
375 178 451 209
184 190 236 214
352 175 401 202
316 176 363 199
511 182 550 207
575 179 603 207
324 174 397 206
554 172 601 213
594 174 619 199
472 180 521 221
1156 161 1242 266
376 175 486 217
111 178 213 219
543 177 563 193
638 173 661 194
525 179 564 213
73 205 159 236
465 187 496 209
26 213 391 374
659 180 715 215
681 176 711 200
452 190 553 222
653 172 702 209
422 186 461 208
641 178 683 207
564 174 582 193
1 221 57 329
599 178 626 203
512 169 560 210
530 175 559 199
373 187 420 215
838 175 887 210
384 187 434 218
954 165 1017 186
1 193 68 360
639 169 680 200
629 180 674 211
435 186 467 205
622 174 652 199
664 185 719 241
1055 169 1185 219
38 171 224 243
590 173 618 199
592 179 619 204
572 173 594 190
690 170 908 249
642 173 677 200
655 175 707 218
544 163 579 191
630 176 680 212
579 175 609 205
466 181 515 215
661 176 706 212
563 180 596 208
557 177 579 194
648 168 686 202
530 178 561 201
636 180 667 205
422 174 448 193
429 176 468 200
702 171 832 267
553 174 575 195
552 189 581 215
663 177 696 204
669 176 723 221
504 184 527 205
583 177 629 219
572 176 596 198
659 171 708 213
219 179 279 207
387 178 481 206
454 177 488 201
560 182 614 227
192 173 247 207
750 159 889 211
583 177 631 213
631 175 695 225
532 182 574 216
767 177 816 208
823 168 855 187
640 174 680 205
439 175 474 199
599 176 644 216
650 156 710 207
646 171 682 200
260 174 320 208
652 170 683 192
830 165 885 196
1 195 45 240
589 178 617 208
37 192 156 234
519 168 570 208
440 177 473 196
149 187 338 288
1 197 58 249
857 169 1118 267
228 185 279 209
640 183 677 211
565 164 596 188
138 195 189 221
816 183 944 237
467 174 531 205
494 183 523 204
393 185 442 211
950 174 996 206
599 176 628 206
513 177 570 225
610 175 632 197
261 195 331 225
647 157 704 204
468 178 495 199
545 169 580 197
784 185 815 207
451 177 511 222
343 183 391 213
433 174 519 224
724 169 755 192
661 169 688 192
417 166 494 196
642 175 691 218
626 166 660 191
572 180 598 201
685 168 739 202
451 188 482 211
708 164 730 183
663 174 720 216
466 182 491 199
489 184 527 215
526 181 560 204
519 179 547 200
583 179 614 212
521 176 564 205
378 185 428 225
928 150 1051 219
422 172 455 194
181 207 243 238
531 181 568 211
576 179 612 205
977 164 1191 251
888 171 931 187
627 179 673 218
627 176 653 197
532 177 563 205
640 178 665 198
556 186 582 207
684 168 738 203
548 179 575 204
294 181 336 203
628 171 656 193
365 175 419 208
544 175 574 194
921 188 1116 271
8 177 277 347
499 166 546 200
725 175 773 199
588 175 615 203
241 188 344 238
681 176 757 240
479 180 520 211
656 168 688 193
402 182 450 212
587 174 637 225
414 181 449 206
680 164 719 192
453 177 488 201
471 181 513 212
368 184 410 205
588 172 612 192
547 183 581 204
1003 178 1058 208
631 175 659 195
303 189 478 270
555 179 583 200
672 179 704 203
413 178 460 209
167 181 387 258
840 164 887 189
664 171 732 202
431 182 460 200
209 182 285 216
812 161 859 189
544 169 570 189
513 172 545 196
629 180 665 210
414 180 464 206
959 160 1030 192
633 175 671 202
171 184 243 214
480 183 547 229
580 181 614 210
378 184 418 206
259 199 390 276
704 179 746 209
443 182 488 203
547 182 586 202
465 166 535 204
468 181 525 220
385 177 437 210
688 176 761 227
1076 172 1233 232
614 177 647 205
589 172 625 205
665 176 723 229
424 187 477 235
558 178 581 200
583 178 606 198
160 180 228 212
564 172 603 198
312 190 353 223
56 207 153 244
684 173 758 245
6 210 229 371
731 187 786 227
491 170 536 199
464 179 511 208
208 185 253 207
487 168 531 206
955 155 1002 177
197 185 255 211
531 187 566 219
633 176 677 208
221 176 316 224
1113 148 1220 194
598 179 631 212
397 174 496 218
583 176 611 201
415 181 453 201
781 177 808 197
1 187 46 258
377 177 407 198
534 183 572 212
828 165 1026 249
419 189 451 212
453 185 483 203
837 173 876 194
544 186 575 207
551 173 589 206
743 167 775 194
602 173 634 205
550 172 586 204
384 176 476 224
538 173 572 202
3 190 139 245
693 180 746 216
697 181 804 224
480 165 550 192
360 182 413 204
634 178 666 207
1 197 55 239
586 173 618 200
354 186 397 209
384 182 449 208
732 169 759 190
658 175 695 208
493 181 523 203
72 179 335 266
648 176 681 196
305 177 377 215
576 181 607 209
593 176 623 207
650 175 679 203
562 177 585 195
638 177 668 209
452 176 473 194
608 169 646 203
650 180 682 211
717 175 768 205
551 165 583 185
866 157 917 189
615 176 644 197
587 177 609 194
721 184 750 209
604 169 632 200
366 188 403 210
423 183 479 225
590 181 615 199
518 181 549 206
549 173 581 201
1105 181 1241 374
551 179 579 206
408 188 439 206
534 180 557 202
464 166 531 198
414 180 459 207
656 181 700 220
764 164 856 219
557 176 591 206
710 169 797 248
665 173 693 198
603 180 632 210
70 179 178 220
9 179 90 216
577 177 605 207
621 180 665 205
488 169 512 189
514 177 540 196
453 183 489 199
502 172 558 203
104 192 144 221
543 180 573 208
652 179 686 205
648 183 684 214
568 151 602 183
498 180 539 205
394 178 440 208
472 177 517 212
417 179 444 195
622 175 661 205
258 175 437 275
1200 132 1223 184
382 184 447 222
561 166 598 192
509 170 545 200
380 181 447 210
919 146 981 172
655 170 709 214
240 185 296 210
193 201 234 229
510 167 557 203
469 182 510 220
221 181 406 250
825 175 913 205
645 152 675 176
1021 164 1128 230
485 177 520 206
233 193 316 231
490 184 526 212
808 174 867 204
530 170 560 194
554 181 576 203
455 166 494 187
486 188 525 209
632 178 668 201
422 179 449 195
1 183 135 279
715 174 734 190
453 175 521 231
511 177 537 195
666 184 716 222
17 182 82 220
629 174 662 199
1 179 238 358
455 182 546 223
793 186 820 202
688 174 741 219
559 184 578 199
763 176 790 197
3 200 109 346
1016 190 1079 219
468 184 511 215
255 181 327 222
847 150 900 175
324 178 373 203
346 169 380 186
607 168 639 202
653 182 682 202
545 176 575 198
334 168 393 201
624 176 659 202
401 185 439 207
546 177 573 201
548 186 574 208
575 175 614 211
633 159 681 197
555 167 577 184
600 178 641 204
474 173 527 195
629 178 653 196
735 174 757 189
387 173 418 197
666 177 705 211
614 178 676 207
498 174 531 197
498 189 551 230
114 195 201 233
1 196 171 375
635 175 669 204
683 172 710 193
636 175 682 208
574 173 600 191
499 174 541 206
628 174 659 196
594 187 615 207
575 177 609 202
527 179 557 202
828 174 860 195
513 176 547 204
589 184 607 199
341 163 375 183
141 182 269 245
521 173 566 214
611 167 646 198
122 181 254 251
311 180 357 201
654 172 693 199
440 178 495 215
504 178 544 208
450 177 477 193
612 177 645 205
649 175 679 199
9 213 167 353
434 181 517 213
580 178 612 203
529 181 554 199
866 164 916 181
417 177 482 220
229 181 290 212
640 182 675 206
604 181 624 198
405 182 468 223
639 188 701 233
588 180 605 195
680 183 718 209
366 172 459 205
530 178 552 194
407 175 440 198
1 187 139 265
411 183 447 209
551 177 575 197
584 175 603 190
601 169 641 194
530 179 555 198
563 179 591 198
554 175 582 194
550 181 570 197
645 181 695 225
916 180 1113 256
709 175 734 192
629 180 665 199
473 177 516 202
338 180 376 202
555 169 580 186
589 175 619 206
769 144 831 173
264 184 306 207
291 181 463 294
644 174 675 200
685 172 761 207
339 177 380 210
561 182 582 199
896 183 932 209
198 193 276 251
359 201 408 238
436 182 481 213
807 173 840 198
528 175 561 194
600 177 633 202
275 189 375 249
713 171 733 188
435 165 473 186
437 178 493 196
581 174 601 189
743 163 811 225
587 176 605 191
633 179 654 197
1039 177 1221 243
315 180 366 207
1115 135 1237 195
1 200 127 365
310 190 365 216
878 167 935 200
460 173 518 207
544 178 572 203
478 178 511 197
379 183 438 225
402 176 492 217
516 182 552 206
548 179 578 203
674 179 722 207
625 162 662 187
553 177 582 201
650 177 697 200
495 189 526 210
763 183 800 209
565 165 627 221
482 179 525 212
628 174 659 198
426 184 471 204
712 169 869 242
432 184 518 232
477 186 506 208
125 184 318 259
485 205 547 248
449 191 489 213
374 173 401 190
384 188 488 259
641 177 673 203
601 185 630 208
11 202 259 376
1185 141 1242 215
475 179 510 200
503 177 540 197
347 180 386 200
659 173 701 210
572 176 600 198
651 169 692 199
279 178 341 224
817 173 871 206
344 182 463 235
438 183 490 221
694 187 841 244
563 177 581 193
584 168 610 186
533 180 558 199
810 181 850 216
1 194 69 315
1 213 33 238
1134 215 1242 375
392 193 428 212
1 193 51 246
440 177 531 214
1121 167 1242 367
27 196 200 300
517 166 699 274
175 180 327 240
1 211 141 375
661 167 709 198
373 178 405 195
195 197 286 225
536 174 570 203
368 181 403 199
454 185 501 222
503 175 562 217
454 176 493 210
594 168 620 188
457 188 529 236
236 198 294 233
674 188 740 225
850 113 884 139
530 179 565 200
630 178 676 216
535 175 565 204
465 179 535 245
546 181 579 206
653 178 713 202
299 180 383 230
644 171 678 198
594 174 623 197
839 181 876 198
583 179 603 195
389 176 416 196
712 176 777 230
543 175 594 215
467 177 506 198
447 177 499 218
814 170 871 198
1 184 47 233
579 175 608 200
461 176 516 210
