225 193 445 330
758 188 944 268
2 182 232 275
691 170 897 308
1 202 343 374
1 214 375 375
614 183 693 244
699 165 966 345
25 178 310 272
193 206 408 341
785 141 1094 331
254 199 454 358
558 165 768 359
62 195 228 261
1053 158 1242 260
776 168 876 257
732 175 963 325
258 176 470 312
61 190 418 375
169 181 488 375
752 201 1125 375
138 194 254 248
363 183 485 265
8 192 367 374
436 180 523 242
118 179 408 341
702 186 789 245
836 169 982 249
551 173 628 238
838 200 1241 372
693 187 866 309
3 198 386 373
738 174 918 306
756 188 958 290
243 184 532 347
474 181 570 247
282 194 456 291
828 210 1234 375
319 185 436 260
522 163 738 375
318 186 477 288
436 186 533 251
921 173 1242 370
569 191 644 262
752 190 949 287
1 218 219 375
194 186 440 346
900 145 1242 328
3 195 426 373
695 183 805 267
521 179 727 260
883 176 1172 327
1 203 300 364
1 196 304 376
274 180 385 243
404 186 516 261
8 206 317 367
99 179 363 333
95 184 295 246
1 199 323 374
346 191 437 254
170 190 435 355
951 177 1242 373
766 189 942 296
971 180 1242 295
776 187 1239 375
362 204 518 298
776 167 1096 363
359 192 524 309
664 187 737 245
994 209 1238 375
210 185 383 290
1 202 355 373
714 179 976 345
777 191 979 313
991 176 1242 304
811 177 1022 311
898 190 1242 371
81 195 446 375
633 173 761 286
294 177 619 361
850 196 1242 375
905 201 1242 374
1 203 204 375
521 162 737 367
484 181 728 273
557 171 717 330
817 178 1070 320
363 178 475 262
1 177 128 295
149 182 400 301
729 193 866 276
1 188 222 319
564 167 652 241
781 168 896 241
921 169 1242 369
888 156 1242 374
251 193 466 331
391 177 546 273
813 211 1217 374
113 202 342 306
739 176 974 325
774 157 1169 375
94 186 359 334
319 184 535 257
1 179 243 375
765 183 951 324
1 179 365 368
678 175 763 242
851 197 1242 375
380 177 513 283
1 209 249 370
922 196 1242 374
700 188 941 324
477 191 571 253
960 181 1242 375
619 160 717 225
852 166 1136 271
754 183 967 298
1 191 350 375
775 178 1045 271
178 186 351 271
832 212 1242 374
383 176 503 258
1 197 373 372
456 171 620 279
167 184 373 293
812 182 1169 375
151 197 357 304
777 179 1023 347
826 193 1242 374
41 184 384 375
808 180 1172 364
490 166 582 208
1 188 413 374
543 193 729 347
518 157 736 375
298 181 590 277
750 178 938 247
994 180 1239 350
363 186 483 269
395 180 509 255
164 203 438 363
6 180 316 352
332 189 412 231
797 165 1200 373
286 177 467 314
898 186 1060 289
446 186 541 254
125 179 295 297
408 187 586 260
712 185 936 296
675 180 775 250
774 192 1062 373
738 195 880 272
1 190 364 374
1 201 188 305
227 190 395 299
302 205 496 333
416 215 631 333
517 211 902 375
370 189 549 315
1 196 340 370
270 190 417 276
221 195 490 357
304 189 456 312
514 155 743 259
161 202 473 375
731 165 1038 363
764 179 1033 346
87 175 423 372
1 182 397 373
785 184 1151 375
1 199 353 375
684 182 769 250
835 185 1242 374
256 193 395 272
485 178 633 263
135 170 410 320
1 180 279 376
667 180 817 289
164 189 453 362
1049 180 1241 375
169 163 468 375
34 212 423 373
391 203 539 295
37 189 218 266
1 201 335 374
278 196 455 331
818 196 1134 368
347 123 557 294
212 181 430 288
337 192 480 286
784 183 1020 331
197 195 387 312
234 191 354 261
371 189 446 250
422 173 519 238
4 198 262 336
1 206 346 373
334 200 511 308
781 172 988 282
388 195 525 286
758 186 944 268
3 190 281 366
1 202 198 312
845 185 1240 375
253 180 446 294
40 205 315 343
836 175 1210 359
694 173 811 257
888 199 1242 375
1021 166 1242 302
754 173 1044 332
3 189 350 375
353 181 462 251
403 183 506 253
3 197 278 316
250 188 436 283
889 192 1242 372
572 172 807 252
738 174 1029 364
2 175 264 374
350 176 472 252
275 198 392 273
829 181 1240 374
280 190 417 271
520 164 735 374
661 174 753 241
818 166 1165 370
386 191 474 254
250 187 415 313
213 179 470 343
1 194 265 375
276 188 450 299
737 194 1009 345
761 179 945 273
962 159 1242 363
243 187 456 262
6 190 335 373
3 197 261 354
929 163 1242 372
829 189 1118 352
718 174 876 299
867 183 1230 373
233 194 411 305
860 194 1219 375
1 190 123 233
588 187 657 247
746 198 940 302
178 169 407 301
710 171 831 271
863 184 1242 371
578 177 652 243
772 177 1224 375
735 192 903 306
782 178 1065 350
317 188 482 296
1 179 254 354
1 199 359 373
229 190 419 298
237 197 402 280
5 206 283 351
769 174 980 310
1 193 266 374
274 179 413 272
452 190 559 255
520 159 743 375
13 171 334 361
588 166 707 271
771 169 982 317
260 191 361 257
63 174 262 272
518 158 735 375
996 193 1242 375
191 178 465 373
867 184 1242 374
519 160 736 373
703 177 780 237
832 178 953 241
16 177 384 375
1 225 281 373
733 181 929 320
157 171 435 351
703 173 941 260
557 171 717 330
520 164 734 375
3 214 238 372
786 170 1228 375
86 190 237 255
1 212 247 367
207 198 390 282
718 178 898 287
143 189 267 251
314 194 464 296
510 188 649 267
719 176 924 330
425 178 526 266
770 177 963 318
737 163 872 276
756 185 958 315
926 187 1242 375
167 218 411 352
207 197 422 336
4 192 193 316
730 185 834 254
266 204 482 330
251 175 487 328
433 179 541 253
2 194 170 261
205 197 428 350
444 168 618 281
243 206 413 328
693 175 796 261
378 191 496 273
67 173 311 322
744 170 1018 270
1 191 198 285
810 160 1129 359
432 183 544 261
726 179 945 321
12 211 415 374
364 198 537 309
498 174 575 231
739 172 904 278
936 200 1242 375
41 193 206 255
580 171 708 298
579 173 710 301
791 190 1074 361
780 175 1104 374
519 165 734 375
571 171 674 271
401 183 535 271
754 177 1045 369
10 205 360 374
791 180 1225 375
1 202 285 373
332 192 432 260
373 174 497 283
905 181 1242 373
403 175 534 268
289 185 434 289
687 178 812 271
1 204 402 372
437 192 547 262
833 200 1242 373
1 200 339 375
132 176 457 366
186 184 494 373
11 200 255 313
679 174 764 243
1 194 378 374
1 208 291 376
364 183 476 259
872 183 1239 373
1 184 378 374
1 197 311 372
126 181 338 303
8 181 334 371
505 185 582 241
872 172 1242 374
220 187 343 269
150 173 457 366
282 193 407 268
359 181 506 249
27 191 403 375
816 174 932 245
1 173 170 266
561 168 672 266
566 182 635 250
760 181 960 316
1 200 299 366
777 178 1022 337
454 171 549 242
4 208 253 370
829 193 1224 375
584 178 662 241
121 204 436 375
158 183 297 242
557 171 717 330
515 160 588 224
2 203 278 375
286 194 436 283
845 207 1237 374
849 203 1242 375
20 175 361 365
358 185 493 265
1 196 233 281
718 176 891 300
926 175 1240 373
710 190 820 266
949 184 1240 368
810 157 1151 283
82 195 247 263
746 181 946 328
1 211 97 297
669 175 778 257
405 176 535 274
52 198 381 356
1 183 202 315
121 177 435 370
701 178 850 284
820 168 1130 283
1 193 185 318
307 192 444 267
309 203 536 350
324 192 438 277
762 189 961 351
449 176 529 240
742 180 919 306
329 186 495 298
397 191 527 283
693 180 820 271
572 177 676 280
364 186 488 282
762 143 1106 357
22 211 292 355
872 180 1083 275
1 169 365 375
340 188 509 296
869 186 995 244
1 204 187 354
962 167 1242 375
7 152 420 373
595 176 846 271
746 192 990 286
10 206 318 367
1016 188 1236 294
790 189 967 298
879 132 1237 374
450 186 542 253
783 181 1190 370
1 195 247 376
298 184 449 270
124 184 416 352
450 165 517 220
812 174 1184 375
245 189 449 312
779 179 1018 350
260 187 418 268
5 207 189 369
768 174 978 311
714 166 894 294
1 181 333 375
10 206 306 368
1 206 326 376
569 172 679 266
476 184 700 286
208 188 382 280
8 186 287 286
5 162 375 373
362 178 535 244
520 163 737 375
1 186 334 375
528 172 655 256
826 189 1234 375
797 199 977 311
149 202 465 375
308 192 520 332
616 182 691 251
196 188 431 320
722 176 883 297
255 185 484 326
898 178 1242 375
38 186 450 375
447 174 545 252
1 191 183 288
330 181 445 246
569 183 660 269
1 214 224 374
474 180 568 242
263 194 509 339
770 191 1219 374
5 196 284 340
709 177 991 353
558 175 708 316
204 185 328 246
1 207 185 375
788 185 1108 353
1 208 285 368
250 188 430 317
658 177 755 251
693 182 810 265
3 215 357 373
6 181 423 372
565 172 689 288
888 168 1237 369
808 162 1149 375
734 172 903 286
857 180 1242 374
384 192 500 269
429 180 596 251
1 185 322 375
176 194 443 361
405 189 542 289
324 201 492 309
464 172 545 241
727 176 944 339
636 181 899 287
919 187 1242 372
35 206 430 373
716 191 885 300
11 205 309 368
766 182 853 251
3 197 261 350
1 208 172 371
934 161 1242 374
526 185 764 338
755 183 997 333
573 191 638 256
1 191 189 266
328 195 492 269
1 173 197 315
941 195 1240 373
479 169 544 225
690 173 823 283
49 174 394 283
1 200 137 372
617 176 677 231
811 166 1242 373
708 181 863 293
61 215 385 363
114 183 279 269
98 193 352 280
427 191 518 267
859 139 1040 205
405 181 507 253
135 194 398 337
7 208 388 375
1024 130 1224 199
279 187 450 297
132 212 311 291
789 179 1161 374
24 177 243 297
958 179 1073 232
355 185 488 270
39 192 422 376
1 156 321 370
352 158 468 259
17 185 384 375
152 176 476 375
779 193 1216 374
373 191 498 278
1 199 265 371
175 190 386 312
519 175 604 225
815 176 947 225
1 195 258 332
248 184 516 368
351 143 477 239
443 177 520 238
253 192 370 279
8 194 271 350
689 178 777 240
288 186 428 283
576 174 634 226
670 178 754 243
1 196 470 372
424 190 519 264
587 172 641 224
574 175 631 231
33 198 189 268
564 170 675 292
739 147 940 282
61 189 464 373
656 177 738 236
683 186 855 249
821 192 1210 349
9 181 231 272
777 180 959 318
607 171 682 220
696 170 792 241
280 187 414 292
531 202 621 272
1 197 142 320
1045 154 1223 276
590 171 648 225
904 169 1241 296
4 194 297 357
337 187 445 265
692 160 822 258
21 181 338 308
1068 189 1242 374
773 183 1061 361
916 210 1242 372
105 181 388 274
403 181 484 241
856 196 1237 375
561 172 616 225
406 176 499 213
132 188 259 249
573 175 638 236
149 188 299 267
251 181 361 240
134 181 327 270
578 166 639 232
85 172 182 215
294 180 428 266
404 194 542 285
777 189 1097 375
408 189 504 268
2 214 272 373
323 184 512 320
440 169 534 237
128 186 264 240
793 204 1225 375
747 173 864 263
403 182 521 270
1 205 201 315
244 182 373 251
752 175 938 313
864 185 1224 368
188 172 384 237
1 186 266 362
254 181 473 251
987 208 1242 374
615 174 672 230
571 177 666 273
320 189 459 234
455 186 541 246
9 174 372 374
50 193 179 240
719 178 886 285
825 173 1141 373
1065 151 1181 236
569 174 625 226
758 179 897 232
49 195 201 256
238 203 367 270
460 178 532 231
258 187 426 255
927 162 1124 231
299 181 419 241
462 168 540 229
975 196 1241 374
443 175 540 255
709 180 814 243
347 186 427 235
292 190 452 303
205 182 317 236
424 188 484 242
992 162 1242 252
1037 172 1233 300
185 140 483 250
753 216 1213 375
327 176 527 316
749 175 881 234
675 172 782 250
677 183 748 239
905 155 1242 374
581 174 656 240
339 170 475 279
36 174 437 375
785 163 1242 375
743 197 974 338
362 192 455 251
805 189 1161 375
1 186 157 269
338 185 428 224
453 184 536 244
145 186 254 237
388 180 508 254
778 185 1045 352
447 179 562 239
908 190 1242 375
721 173 868 277
958 178 1072 232
228 184 331 241
715 190 844 270
477 201 582 284
689 176 792 259
957 204 1241 373
649 164 761 244
230 187 482 350
496 173 593 257
244 186 404 308
789 183 1038 364
455 182 554 256
130 193 247 244
1 221 197 370
663 177 723 228
747 177 1031 375
1 190 298 332
717 175 876 244
304 168 468 289
6 187 339 319
1 196 333 375
728 157 980 313
927 176 1050 231
740 176 875 286
87 195 248 270
871 172 961 242
365 189 428 230
1 186 139 261
220 184 353 261
447 183 528 248
600 174 667 241
1 207 413 375
817 170 1237 375
419 189 516 278
202 176 410 299
203 172 512 366
435 178 539 250
599 176 665 241
170 174 375 252
665 176 741 236
764 187 908 289
125 188 214 227
1 175 294 373
361 172 508 224
1 184 229 373
246 172 396 255
169 180 348 258
199 193 293 241
936 174 1241 357
554 173 626 237
560 175 665 215
221 183 379 274
777 177 869 227
2 210 182 363
284 195 391 256
689 180 782 251
1 191 143 262
568 185 664 265
570 181 674 277
263 190 367 251
707 180 865 281
338 182 437 253
209 185 322 236
890 178 1224 369
301 176 404 240
1 161 177 309
213 181 476 343
691 180 794 247
733 185 903 306
288 175 441 288
309 181 455 282
84 186 248 252
380 181 473 240
283 194 455 290
465 186 544 241
595 183 697 282
600 164 716 216
671 157 780 262
59 194 270 285
205 195 376 293
919 195 1242 375
357 189 487 286
1 188 172 317
228 192 358 251
101 177 381 342
582 179 653 251
38 186 161 230
200 190 333 245
318 184 413 239
384 176 468 240
546 185 800 292
722 178 836 271
939 132 1242 363
1 192 197 269
821 185 1235 375
810 172 954 234
406 172 495 249
182 194 282 242
161 197 315 272
491 187 554 239
508 190 612 269
452 178 548 248
1 170 305 331
456 173 566 247
144 188 242 241
291 193 500 344
2 180 164 284
839 169 1118 340
320 186 686 315
755 187 817 237
1 179 116 289
154 194 286 250
885 165 1199 363
94 202 237 260
282 195 466 314
546 173 633 253
694 172 803 257
177 185 312 234
859 222 1237 375
766 181 950 308
285 189 392 248
177 142 493 259
394 188 514 275
1 192 270 374
1 202 334 373
314 190 499 317
709 163 1171 300
800 164 918 212
818 181 1142 374
242 191 386 290
757 180 907 296
437 174 521 237
323 169 471 273
780 164 1051 353
639 175 753 249
490 176 556 212
423 183 527 260
963 197 1242 371
391 183 482 247
679 172 764 250
433 184 530 251
766 161 1237 373
773 171 844 237
393 169 519 268
178 197 275 248
670 173 736 224
777 156 1213 367
13 195 402 370
369 188 506 291
258 190 404 283
939 178 1241 374
842 151 1239 293
209 198 381 289
368 190 453 241
332 183 418 232
983 174 1231 256
971 177 1234 375
504 175 568 214
612 174 685 240
83 188 439 362
772 171 916 304
245 186 336 231
1 194 118 283
418 178 534 266
1 191 229 358
292 200 412 256
434 183 512 243
377 183 468 246
471 175 554 238
483 165 561 207
23 185 400 371
266 185 368 238
785 191 1079 348
287 184 457 243
169 187 399 341
874 183 1236 374
3 180 278 375
725 182 954 282
1 174 158 253
598 174 664 238
185 177 421 320
434 181 500 234
782 184 1185 375
370 179 443 228
61 206 185 249
4 228 264 373
237 193 356 256
387 185 516 284
429 189 507 236
374 190 494 288
9 178 363 375
401 182 492 253
783 182 1172 375
705 183 797 250
593 179 692 277
1 176 158 372
981 189 1239 360
6 187 170 331
2 162 281 288
1029 186 1242 351
735 180 901 240
267 183 465 317
617 178 695 243
477 176 533 222
967 184 1204 267
578 176 674 278
505 171 621 218
377 187 480 256
584 168 642 228
398 177 508 261
359 173 478 266
795 154 912 255
925 117 1242 364
580 176 659 255
390 174 516 273
726 179 851 256
547 178 615 230
1 187 257 375
345 181 460 245
1 190 250 297
449 177 527 242
683 190 759 239
810 169 966 233
9 191 213 319
200 193 387 292
816 202 1242 374
443 168 549 215
442 180 536 258
816 209 1242 375
733 174 863 249
391 172 505 272
1 171 106 278
561 176 676 274
776 178 1133 375
3 175 326 297
811 196 1119 354
108 164 400 255
1 201 363 374
332 183 457 291
431 185 514 250
17 181 277 292
761 164 884 209
563 192 698 276
266 189 369 259
133 187 350 272
355 190 474 234
738 184 830 255
2 185 206 355
213 186 295 228
185 167 385 265
956 172 1156 257
591 175 647 233
707 175 900 254
480 170 540 223
592 175 646 231
946 159 1242 366
720 182 851 283
1 206 451 375
1 179 416 374
1092 168 1242 372
373 188 449 239
667 178 749 237
482 179 543 220
392 177 478 231
591 172 662 239
1 190 73 231
407 193 515 269
187 201 286 248
690 168 777 237
402 174 507 259
786 171 994 274
1044 194 1241 369
424 186 528 236
702 172 757 224
1 186 294 279
697 183 801 257
697 181 806 241
995 184 1242 366
802 177 873 240
768 174 990 288
266 178 401 237
443 176 515 238
601 177 666 234
721 182 866 302
1 220 141 375
338 175 443 248
4 190 149 256
460 184 527 246
651 188 718 241
302 188 447 236
1 214 172 372
450 175 510 224
589 189 657 238
1 172 82 227
1 179 178 373
587 175 625 212
807 170 1047 364
918 197 1233 375
9 179 319 306
128 197 251 246
312 192 471 304
2 223 185 373
217 188 319 241
357 181 483 267
688 174 805 261
29 199 140 251
107 179 374 329
815 175 915 231
840 161 1230 362
380 186 461 235
588 182 677 242
725 187 901 291
482 184 544 235
491 180 547 226
301 191 422 265
562 177 627 234
615 174 698 249
810 180 1032 304
464 167 543 240
2 178 109 230
22 180 156 240
223 196 319 244
498 182 553 230
1 190 124 314
56 198 174 246
12 156 180 362
441 186 514 241
3 176 202 370
52 170 384 293
4 203 117 261
1 210 85 251
1030 175 1166 234
2 206 253 374
425 179 491 232
574 173 627 224
60 201 260 270
400 179 533 291
416 184 507 247
402 182 487 238
1 191 151 334
99 195 215 253
572 186 621 232
639 180 712 238
226 186 342 253
650 160 719 216
664 175 724 223
1 169 274 279
413 183 494 251
64 181 273 277
700 184 805 257
978 156 1238 246
320 186 412 238
673 182 757 239
257 174 414 242
588 185 656 244
1 198 293 329
71 188 213 250
570 182 623 230
7 185 130 230
213 182 442 347
748 166 865 245
396 180 496 258
598 188 665 245
423 178 509 244
1077 175 1242 269
659 182 731 243
310 175 400 225
778 176 1031 296
228 191 476 272
176 193 309 251
613 174 903 303
1 213 263 373
1 190 119 281
689 156 854 271
237 186 324 230
333 182 435 226
663 168 718 212
1034 160 1143 196
773 184 927 284
342 182 460 228
557 179 616 236
744 183 862 287
365 179 463 250
254 188 339 229
267 182 364 229
826 179 1169 370
290 190 359 246
378 185 474 256
453 190 523 232
2 182 261 375
345 188 464 283
18 186 364 371
427 190 510 238
670 166 736 228
667 178 752 249
321 191 462 283
724 176 867 241
512 162 605 228
312 185 455 238
559 178 607 224
86 172 313 275
290 186 373 230
460 182 519 227
450 181 524 242
1138 157 1242 210
573 174 627 225
864 176 1242 375
1094 160 1242 235
20 200 174 258
1 201 127 355
4 185 366 366
1 166 141 375
513 189 574 232
735 189 968 339
653 172 707 216
825 203 1227 375
583 175 651 240
771 171 926 262
354 177 478 223
655 186 713 236
342 190 416 233
822 164 1028 229
1 202 250 349
572 171 628 224
560 182 609 227
851 181 922 243
613 174 686 239
556 171 631 234
495 170 586 255
454 185 525 232
520 174 569 208
494 187 554 237
654 185 758 251
470 186 541 228
1040 164 1242 254
737 180 870 270
1 181 205 365
596 173 647 216
473 188 528 236
770 198 1201 374
500 174 548 212
407 186 515 270
662 175 717 215
2 194 153 316
4 204 138 278
482 183 559 236
462 184 582 244
53 203 134 249
184 173 260 206
796 156 943 213
663 181 720 226
2 167 169 370
838 175 889 208
640 172 690 211
719 186 766 228
945 175 999 208
4 188 214 280
586 175 624 214
427 185 492 236
38 201 171 247
1 170 254 338
454 178 555 228
361 167 501 271
493 178 588 237
635 177 708 218
322 181 421 244
586 172 652 231
237 180 344 233
1097 190 1242 249
237 158 411 290
724 158 900 299
256 188 340 225
342 178 448 256
328 192 452 246
692 179 756 229
575 174 632 227
810 165 1005 224
391 172 498 253
1 204 134 300
682 175 772 242
483 191 545 236
689 192 734 233
384 180 543 240
414 189 488 221
607 177 681 237
572 177 635 235
9 198 126 255
1165 164 1242 211
677 163 761 195
444 177 510 229
985 201 1240 375
441 175 507 226
1115 178 1236 265
1 188 197 309
569 190 634 236
1017 183 1242 371
384 180 561 276
1 212 147 324
669 173 762 248
1145 174 1239 221
479 182 546 239
7 162 251 334
644 174 768 275
453 184 525 229
331 187 396 225
287 184 403 222
185 193 284 236
1078 174 1234 222
464 172 534 222
360 186 426 229
3 196 189 329
189 191 370 291
580 170 651 211
373 178 457 240
284 174 419 233
16 196 390 375
1115 136 1242 246
1 192 119 322
294 185 349 220
514 167 603 238
1 200 181 350
2 162 114 336
652 174 716 221
1043 156 1236 256
723 171 829 237
1001 196 1242 375
602 169 647 210
1 186 97 258
542 185 599 231
619 174 675 228
453 185 545 246
761 176 808 208
1 209 158 318
287 183 376 233
594 170 639 210
677 175 780 249
644 178 688 217
172 192 303 255
230 195 380 287
568 172 611 212
705 174 826 277
466 188 531 235
798 192 1047 328
921 186 1242 374
51 192 276 268
594 185 662 243
720 185 844 255
655 182 713 234
655 179 713 229
887 162 1239 374
659 176 702 212
317 189 488 304
672 188 731 231
575 174 646 225
404 195 478 252
224 192 476 367
126 201 275 267
625 169 680 221
640 162 702 215
37 192 245 283
325 181 538 279
325 173 401 210
6 180 131 236
571 176 634 232
360 174 529 240
776 185 961 291
3 177 231 372
1 191 289 330
131 182 243 226
758 151 1049 357
582 176 623 215
525 175 583 217
503 187 561 237
564 175 609 217
615 175 666 228
224 173 481 329
2 150 94 269
1 180 99 372
720 176 956 326
393 182 501 264
575 179 629 228
766 163 1242 346
1 191 87 301
92 181 208 227
569 175 609 210
121 199 253 261
824 174 954 221
696 168 796 251
427 168 517 243
570 173 627 230
1 167 226 369
707 177 818 253
674 171 735 218
575 171 618 214
893 202 1237 371
278 180 408 256
662 184 711 228
373 181 422 215
119 194 220 232
2 149 94 269
998 182 1242 375
407 190 481 242
442 183 560 241
1 222 69 281
804 143 944 199
590 174 630 215
8 184 114 225
134 217 235 269
488 176 546 227
27 176 131 219
11 189 140 265
869 158 1004 209
584 171 621 208
524 164 592 211
623 166 729 203
23 208 453 375
576 176 623 225
261 180 414 234
945 176 1092 222
108 190 223 232
340 171 403 205
454 168 539 206
881 145 1230 367
1 163 182 361
535 171 720 261
339 170 403 205
727 175 945 271
386 180 483 218
566 178 619 220
771 174 842 221
38 193 142 235
944 176 1094 222
645 178 689 214
37 193 166 254
9 180 116 225
1 192 112 368
282 171 432 276
2 167 190 310
86 173 203 220
44 195 234 275
565 178 620 228
7 176 313 367
470 187 553 231
435 175 517 231
151 183 385 280
203 178 267 208
463 186 534 249
1 189 78 336
209 191 310 237
701 170 746 210
392 189 464 239
505 180 563 225
1 205 126 319
653 168 772 236
1 181 86 348
940 178 1059 222
399 184 459 219
509 157 576 211
633 179 693 226
2 209 360 375
3 194 84 295
406 177 474 221
955 178 1085 222
643 172 690 214
639 175 685 223
455 188 515 237
371 170 432 222
1 203 131 360
587 174 626 212
205 201 342 267
1146 176 1239 261
502 176 561 217
4 122 152 278
325 183 451 222
263 186 419 238
693 175 799 223
694 164 765 193
1000 159 1242 374
721 179 873 275
790 172 942 271
508 187 591 243
438 186 499 229
64 192 176 259
1050 179 1240 373
407 188 481 232
701 176 798 250
4 166 338 375
340 171 402 205
451 176 498 212
487 181 543 234
326 172 401 210
548 157 621 216
583 177 636 227
1024 223 1242 375
60 186 402 373
341 192 409 232
552 169 601 214
428 176 496 227
1 147 288 374
1046 201 1242 371
289 190 410 236
989 178 1110 218
408 182 483 250
355 173 473 225
613 173 745 268
1052 141 1242 288
347 190 445 251
441 189 502 228
636 174 694 231
418 185 506 253
569 180 620 234
724 172 898 268
423 182 526 257
256 191 331 227
411 193 475 232
570 177 621 225
55 180 181 238
93 176 175 213
485 175 589 214
704 197 790 232
537 162 599 218
321 187 394 239
247 174 344 217
574 177 644 236
493 183 566 233
324 177 395 221
832 170 921 198
4 178 175 356
505 177 547 210
329 181 420 212
569 174 610 212
311 190 394 228
409 194 464 239
498 179 545 221
1 172 244 350
799 166 940 274
13 164 266 332
228 173 395 233
378 188 436 227
946 164 1089 219
590 178 639 228
1 197 90 257
670 177 723 215
278 188 432 289
6 184 236 338
2 201 272 376
391 179 447 214
573 183 618 227
558 173 616 234
524 176 567 212
1 178 165 353
505 185 557 219
276 183 358 225
1 187 136 297
675 183 756 251
698 181 808 263
292 193 359 228
410 175 499 209
656 179 701 214
456 174 546 243
588 176 649 228
723 166 822 226
383 185 464 223
1029 202 1242 371
143 191 224 228
329 186 444 244
773 177 841 223
536 176 602 219
341 179 423 234
725 178 775 208
664 170 731 202
758 170 1051 291
5 198 86 238
516 172 584 223
829 169 1224 372
340 172 399 205
71 208 181 252
706 171 824 258
583 181 622 221
1 173 182 312
393 172 443 211
16 181 199 375
633 188 690 231
700 175 813 236
377 173 469 215
1 179 67 227
523 173 592 233
1028 194 1240 372
557 175 608 218
783 185 997 324
604 179 665 238
580 171 622 208
496 175 554 222
1036 153 1131 201
1036 182 1152 232
669 174 761 251
1 230 98 375
5 177 155 287
500 176 556 219
650 186 711 229
1 188 192 341
586 176 641 227
676 175 776 241
27 179 164 243
766 167 907 266
398 170 520 222
525 168 583 215
603 171 676 215
512 176 564 213
568 160 779 274
33 177 304 290
573 175 635 228
287 206 385 275
476 189 554 250
711 180 865 278
89 173 345 285
178 175 281 221
836 167 914 192
560 174 621 235
306 177 445 236
3 193 129 255
246 185 322 223
1009 214 1241 375
1039 180 1149 229
7 195 166 372
1040 143 1163 182
11 189 101 234
1 172 214 359
582 174 621 210
417 181 496 237
420 168 500 228
1084 145 1242 366
83 193 194 245
697 181 767 238
1 163 149 370
390 176 463 234
890 165 1013 218
7 207 173 318
330 190 408 232
721 181 838 263
588 175 645 225
699 172 803 224
772 175 832 219
242 190 350 246
382 192 458 246
677 175 756 238
1002 188 1239 374
928 193 1017 223
1068 136 1240 257
781 177 860 223
501 175 545 210
1137 198 1238 325
3 180 209 358
683 173 764 208
1050 178 1242 373
370 178 461 259
209 172 406 244
1 224 161 353
586 184 647 240
592 170 642 218
558 176 611 224
94 174 307 256
684 177 765 237
392 184 475 229
330 187 426 217
272 174 350 210
476 166 541 225
708 174 851 291
643 184 692 228
507 177 550 214
6 210 137 260
887 185 986 259
558 181 618 223
190 184 284 220
4 211 235 369
794 177 883 228
119 193 203 225
471 173 530 222
503 183 543 216
563 180 611 224
422 187 483 222
719 171 1009 280
676 184 771 252
1 218 71 261
757 177 1016 356
668 185 735 238
423 175 533 266
468 163 551 225
649 179 752 223
463 175 528 223
573 188 622 231
402 180 468 224
594 180 663 236
594 175 645 232
512 165 791 279
125 176 250 228
618 176 725 212
411 164 501 230
5 193 84 266
103 184 215 223
658 172 841 238
1005 150 1239 248
1024 187 1180 233
634 179 729 215
784 165 1071 309
223 188 331 250
678 168 763 237
161 178 260 218
553 180 610 227
410 177 513 262
686 184 752 234
464 188 533 233
396 189 473 249
427 176 491 216
880 141 1063 209
526 172 574 216
125 202 216 237
694 136 968 287
1065 185 1242 374
1003 178 1059 209
607 175 690 205
649 180 722 214
538 164 593 195
1 174 126 237
570 178 628 232
664 175 723 224
483 177 545 227
167 187 324 267
135 180 225 223
130 177 252 237
244 188 355 245
367 189 421 228
571 180 623 222
654 174 709 210
397 174 486 227
331 189 374 212
585 167 681 210
294 174 465 239
572 173 614 213
699 184 777 256
627 174 666 213
720 164 1085 281
274 197 344 232
9 180 201 365
578 173 617 209
452 183 510 223
9 176 121 231
334 178 473 237
145 178 291 252
340 177 409 217
442 187 517 239
2 189 325 289
1 199 195 373
726 176 846 262
546 149 636 185
6 181 56 208
1 188 209 329
545 186 598 228
574 173 616 214
1010 160 1241 375
580 174 623 211
2 193 167 365
698 173 939 272
202 182 288 216
226 176 282 209
583 179 622 219
1 190 78 364
1 204 82 244
241 181 428 246
1132 188 1242 332
454 186 524 245
1 191 151 261
501 185 551 217
674 186 728 220
125 187 236 236
1 179 46 237
695 175 872 251
785 166 1242 370
741 176 922 295
856 139 1139 229
561 176 613 228
300 191 365 223
733 176 892 290
334 178 417 230
85 174 198 218
492 191 549 238
4 194 83 236
1 199 103 338
1092 188 1242 374
448 177 533 239
456 187 511 223
130 189 217 237
332 189 373 211
573 181 632 230
459 174 538 221
717 186 766 225
1093 143 1220 186
413 184 497 220
608 161 649 194
672 180 730 221
484 180 548 206
679 183 742 229
1029 153 1242 250
225 185 433 341
711 178 827 281
366 184 474 254
588 178 637 223
1 198 74 233
668 178 720 219
502 179 556 212
332 189 374 211
650 175 702 218
747 175 890 257
883 161 1242 346
547 182 599 221
666 156 704 194
977 185 1023 221
497 171 554 212
351 177 490 242
194 204 266 236
1114 171 1242 254
595 178 643 221
836 149 930 181
426 177 517 210
562 184 613 221
975 155 1059 209
301 189 363 247
357 178 474 223
406 188 470 246
416 172 539 217
674 186 793 271
653 183 701 223
5 181 153 319
650 175 710 220
453 189 512 223
681 181 740 229
1 155 117 375
550 168 607 215
586 177 616 207
669 180 722 225
219 181 298 210
575 171 618 215
1094 180 1240 370
466 186 528 246
573 177 623 204
1004 170 1115 205
402 184 462 221
1 199 74 316
440 183 508 230
407 179 467 223
501 178 557 216
676 171 792 217
256 191 340 241
653 177 710 212
697 163 779 192
789 148 931 203
636 180 678 220
961 188 1242 330
168 172 275 224
668 186 730 237
198 182 258 223
689 189 792 264
664 171 721 212
379 190 493 255
555 175 615 236
322 182 400 218
56 168 392 277
669 175 749 232
351 189 411 221
433 185 494 226
538 182 609 212
486 168 545 190
429 179 481 224
672 180 745 236
627 178 673 211
323 191 400 241
371 188 481 267
330 187 375 212
729 186 788 225
201 175 354 232
567 186 625 231
501 184 553 218
1 203 52 235
332 188 373 211
480 159 529 193
520 180 567 214
354 183 399 206
691 178 738 215
240 184 440 266
568 175 611 215
801 176 864 205
757 158 842 236
579 177 633 227
572 187 635 221
509 182 560 223
376 193 423 219
757 174 807 216
431 183 484 214
636 184 706 215
208 179 372 247
3 115 315 372
419 187 519 247
448 186 529 234
525 177 568 214
585 183 628 219
333 188 374 211
464 173 550 244
218 179 420 264
644 177 685 211
320 175 485 225
189 158 253 194
429 188 468 213
230 178 436 257
139 166 291 267
73 199 182 236
4 204 100 297
803 177 864 205
134 187 222 223
16 163 319 258
764 177 811 208
488 175 588 214
506 188 571 222
378 192 465 226
546 174 583 206
579 175 629 209
674 185 740 236
686 198 784 232
572 173 614 213
394 160 456 196
337 176 414 219
371 183 474 219
573 178 609 210
598 175 646 221
562 182 618 230
1 217 48 312
518 185 574 223
547 172 584 203
238 174 316 221
487 181 528 213
289 166 479 236
1011 181 1242 292
298 186 357 223
554 182 602 219
375 182 447 208
438 180 511 217
361 178 497 246
449 177 502 207
42 181 148 225
514 179 559 214
255 177 318 204
414 176 493 238
545 185 578 212
667 182 723 213
1 196 128 327
535 184 589 222
362 179 467 227
368 169 614 270
660 175 709 212
809 184 1097 277
930 193 1229 330
1 193 189 371
100 179 189 218
916 191 999 222
156 181 422 270
32 184 294 291
692 168 740 204
355 179 453 214
496 186 550 227
703 171 809 249
452 187 498 223
351 174 471 223
161 185 219 214
589 175 624 209
446 178 511 208
1 175 302 333
283 190 373 241
1 206 30 241
580 175 621 214
284 178 413 252
787 173 988 276
717 171 862 250
571 174 622 225
446 170 527 248
590 176 617 199
736 172 869 291
70 192 163 230
138 188 247 242
629 186 679 224
713 175 846 227
404 184 517 269
713 180 770 226
34 192 151 234
991 158 1048 204
361 177 429 217
504 187 553 228
301 185 368 217
1095 173 1173 211
586 171 658 203
583 180 628 225
319 186 387 222
206 170 352 227
224 179 460 288
272 177 332 203
456 169 702 279
259 180 481 256
380 190 425 217
719 168 935 257
821 169 892 193
252 187 330 220
394 180 439 206
622 185 669 221
483 184 527 215
890 174 980 260
657 189 703 224
221 180 388 246
562 174 611 213
466 182 513 223
271 189 380 243
465 178 501 205
553 183 597 224
498 167 583 255
643 173 715 232
368 189 478 255
338 181 398 215
983 165 1100 202
422 181 462 202
677 183 744 225
619 179 653 203
610 177 647 202
472 173 532 194
318 191 368 219
293 177 349 203
529 180 582 224
780 180 1022 270
708 174 816 260
484 175 538 220
563 160 617 192
1 189 130 307
449 179 522 224
346 187 446 231
308 183 486 262
637 178 690 221
1002 191 1241 373
490 184 528 213
340 181 486 276
659 161 740 222
789 179 837 207
526 175 586 225
671 172 742 232
243 180 305 210
664 177 733 237
470 179 517 213
700 188 830 281
1017 146 1113 191
1061 174 1179 257
870 170 911 204
450 183 503 222
1027 158 1234 250
370 167 507 213
532 178 570 211
332 193 387 227
654 174 711 221
114 197 186 229
414 183 555 271
780 161 898 263
481 176 563 219
573 192 611 229
382 180 455 223
269 178 330 203
501 184 550 221
704 172 903 247
1 177 121 262
809 160 895 204
493 176 546 219
1 196 213 312
254 193 389 255
589 183 651 221
387 188 482 220
677 179 784 249
684 173 776 228
674 182 744 231
732 172 849 241
575 175 620 205
702 181 820 240
298 186 382 252
1165 195 1224 298
296 181 362 206
625 171 653 194
899 168 957 192
244 195 333 236
650 178 709 227
563 171 597 198
180 182 391 274
660 171 723 223
489 174 534 210
470 178 520 213
439 178 495 227
421 178 541 223
599 178 627 206
702 182 815 249
422 183 466 206
596 169 638 209
386 182 530 244
1 199 404 375
261 183 336 218
559 184 632 231
1054 142 1234 202
679 184 735 225
381 178 437 211
809 186 1164 288
10 158 109 209
905 210 1235 372
653 181 685 207
630 180 678 221
263 182 449 247
1 189 67 315
649 178 691 216
192 186 417 275
327 181 470 248
745 175 887 251
231 176 312 212
536 174 607 207
435 190 489 225
682 178 729 216
842 174 887 214
530 171 558 197
640 180 682 215
669 173 732 223
491 180 546 219
832 181 1106 275
258 184 335 225
286 186 340 219
1 193 149 356
554 179 603 220
702 187 827 269
641 169 768 222
24 179 362 308
588 171 617 196
729 171 771 206
444 182 528 221
721 188 805 247
483 165 532 197
597 176 630 208
140 193 235 229
350 180 418 214
170 187 237 217
237 179 289 204
50 183 351 292
191 182 278 214
473 173 558 244
571 187 608 222
515 187 558 223
627 178 674 212
533 172 579 207
479 186 524 223
592 174 620 200
424 180 467 201
266 179 429 250
585 169 633 206
423 179 467 200
572 181 628 230
721 186 795 241
205 189 283 219
426 182 470 210
355 171 499 222
485 178 552 240
818 157 1102 254
336 184 528 300
257 189 440 251
701 186 830 273
437 177 526 245
405 185 441 205
627 176 654 199
597 174 628 206
486 184 539 225
890 180 1052 254
533 182 564 203
500 179 560 227
671 185 752 244
469 176 526 222
1 214 179 373
765 178 1020 266
381 176 528 287
1 205 214 374
967 170 1047 205
708 179 749 209
709 169 779 227
672 185 714 220
291 177 343 205
92 178 181 223
583 162 642 191
183 173 250 206
503 183 562 224
1000 180 1241 323
243 168 440 247
262 173 312 199
79 197 179 239
32 150 343 371
623 177 669 206
296 192 347 221
574 186 612 224
663 171 717 214
724 190 885 299
686 175 762 234
574 176 622 222
423 179 466 201
487 184 531 216
299 176 345 201
680 174 758 241
626 177 667 205
109 174 221 210
728 187 982 334
512 175 571 224
726 174 775 200
441 166 525 240
542 188 578 217
647 172 705 220
530 179 564 207
713 164 802 224
715 183 893 291
31 218 108 276
397 183 437 205
161 180 370 247
259 176 310 200
295 168 467 233
332 190 395 222
512 174 544 205
671 184 740 237
755 179 816 203
329 193 372 219
777 178 880 228
7 181 329 335
579 174 618 219
552 177 633 211
717 179 765 218
577 184 667 247
272 183 332 209
668 175 727 217
740 170 785 214
448 168 523 207
662 181 714 225
675 177 748 233
562 181 655 243
448 178 506 230
849 164 896 186
876 171 963 199
445 183 505 228
648 184 713 232
682 179 758 236
643 183 686 213
385 188 514 247
653 171 710 216
641 180 673 203
247 157 298 194
711 187 908 273
428 191 509 237
494 182 544 219
425 186 508 218
559 172 601 199
814 184 1018 287
751 163 803 208
673 179 761 260
166 187 261 223
121 186 208 222
298 188 462 250
515 175 553 209
491 177 550 234
378 176 510 227
570 181 619 224
285 184 350 210
547 169 583 200
689 173 784 262
482 168 560 195
1129 167 1242 373
281 176 484 246
331 174 497 237
308 192 395 221
296 173 435 236
271 190 350 236
282 160 324 186
846 180 1101 283
581 173 657 205
540 175 574 198
490 186 538 217
954 174 1082 212
86 193 349 290
562 177 612 236
715 174 871 244
699 173 819 220
573 175 622 218
513 180 564 228
697 173 741 207
593 174 639 218
424 175 512 219
640 176 677 208
429 192 487 239
380 185 423 208
364 186 422 207
239 189 365 237
373 175 453 206
272 175 459 247
668 166 761 205
815 168 868 194
383 181 509 240
2 183 146 367
806 163 857 187
467 183 541 247
684 174 881 246
789 158 1085 293
645 170 760 223
1 181 26 234
333 184 400 226
545 169 575 193
560 176 585 200
571 178 605 200
508 174 544 206
335 185 377 212
9 177 194 286
636 175 716 200
668 172 752 203
891 177 938 208
768 165 834 223
568 174 591 195
531 162 574 201
669 166 745 206
648 179 679 203
386 181 428 206
314 183 379 223
710 176 796 239
501 166 564 212
454 192 499 223
354 184 498 234
696 165 785 197
682 189 770 252
694 183 791 248
538 172 579 206
5 143 271 368
1 173 88 224
811 157 890 202
718 176 760 211
253 170 448 245
608 180 644 209
4 199 137 326
354 177 480 238
565 188 594 212
724 175 772 212
306 182 483 247
479 186 534 223
590 182 630 208
609 183 639 205
457 164 515 211
402 180 438 205
594 171 625 198
653 190 698 228
665 171 735 224
663 179 720 225
657 189 726 222
272 163 470 234
715 167 844 228
363 191 417 222
566 179 602 205
295 185 372 220
653 175 689 206
213 167 469 263
517 166 560 206
413 168 511 214
227 176 445 257
662 186 759 253
249 173 451 242
528 174 654 219
900 176 1045 268
894 163 944 193
221 176 396 261
683 174 763 238
142 176 339 259
508 183 552 218
155 176 221 206
664 179 705 214
664 184 709 220
372 179 480 231
427 179 481 212
599 162 641 196
470 176 522 226
787 161 844 184
140 166 425 353
691 166 781 231
966 156 1171 285
375 161 429 195
555 177 577 197
954 168 1181 233
422 182 461 203
531 185 563 209
598 176 628 206
1 201 108 373
939 184 1032 257
1025 178 1125 254
972 178 1075 260
437 189 477 219
654 177 709 224
265 175 443 241
591 169 621 200
215 187 387 277
640 179 680 206
1012 158 1124 210
679 173 780 213
629 176 655 199
954 186 1242 375
580 174 616 204
707 190 871 259
449 186 493 216
636 163 671 189
190 175 262 206
818 169 1025 257
679 183 741 222
649 188 705 238
537 177 574 210
432 187 470 215
668 166 767 213
624 174 713 204
402 182 444 209
399 188 492 234
915 177 1112 293
399 178 480 210
392 184 450 225
391 177 440 207
590 174 634 223
639 179 712 235
702 182 770 230
971 178 1062 209
488 163 530 193
197 177 305 236
73 195 236 250
405 178 507 224
262 176 455 251
480 178 527 221
401 167 446 204
1 198 157 326
74 189 328 286
224 180 284 208
572 177 603 200
662 178 720 215
779 166 861 205
658 180 693 206
683 176 711 203
278 158 400 221
359 182 398 207
664 160 755 195
577 185 609 214
325 186 429 233
591 176 618 204
6 188 90 245
534 177 566 205
572 184 608 216
427 182 509 236
378 186 417 207
167 178 375 244
311 184 376 220
728 170 875 241
369 179 446 216
384 181 527 236
711 177 802 250
435 185 479 227
452 188 487 216
452 185 506 223
545 172 590 207
332 185 369 210
376 186 418 210
225 176 427 261
327 191 488 245
638 180 671 205
358 177 393 199
563 180 610 214
636 175 662 197
357 176 486 225
499 180 540 212
335 191 413 231
705 170 824 224
642 176 684 208
577 179 619 211
624 172 652 195
377 163 441 207
1150 146 1242 186
349 153 417 204
287 185 438 243
2 197 138 364
315 178 462 240
736 175 815 217
342 179 414 206
557 167 598 196
563 191 605 222
482 178 528 214
757 162 803 204
303 178 352 203
385 182 448 219
578 176 624 223
470 181 502 202
352 185 401 209
575 184 630 220
160 175 233 213
636 186 695 227
672 177 733 236
375 184 415 207
670 177 712 200
683 179 741 218
707 182 776 230
607 171 672 214
502 179 551 220
439 181 488 223
484 178 536 217
350 177 474 219
463 176 529 211
862 164 950 216
669 180 733 235
789 164 1013 270
197 186 268 215
261 190 335 220
400 190 453 223
850 165 899 189
612 167 641 193
406 183 446 206
610 169 646 191
31 165 327 294
635 186 680 223
767 176 907 235
624 186 658 212
675 176 769 257
712 176 803 249
589 177 635 224
398 191 505 252
323 193 386 223
450 170 507 212
353 181 491 238
468 194 543 242
434 175 503 220
315 179 392 207
355 190 405 216
657 175 685 195
713 157 821 199
597 178 623 197
105 177 326 264
122 166 365 248
344 181 433 220
126 183 371 278
479 180 542 222
294 190 496 254
669 175 720 219
1109 173 1242 375
960 167 1037 199
589 171 615 195
655 186 686 212
327 178 458 239
340 179 395 208
588 174 636 224
151 160 277 210
699 180 782 246
441 176 499 227
204 189 285 231
236 180 410 265
829 177 931 212
741 191 868 263
793 173 982 255
573 155 602 182
430 178 491 210
614 193 647 226
77 178 371 278
453 174 486 195
329 186 405 230
264 166 461 232
112 171 381 279
431 171 485 212
392 164 517 209
531 186 565 217
695 159 792 193
627 168 654 195
660 177 698 203
186 166 316 204
747 164 799 186
75 180 307 277
627 182 666 205
532 180 563 204
454 167 495 197
660 158 743 227
484 183 532 206
1 175 315 301
5 194 215 376
516 179 570 220
637 176 683 218
498 179 538 203
707 186 865 295
398 179 485 225
588 174 631 222
348 183 414 222
558 170 592 197
2 173 88 250
1140 163 1242 375
510 175 548 207
641 182 676 208
314 177 474 237
4 184 257 328
280 186 420 237
674 189 742 244
597 173 642 216
270 184 402 221
386 182 430 207
510 184 557 222
589 175 636 210
517 175 557 214
582 173 607 197
192 179 253 208
507 182 544 212
219 188 439 262
747 176 858 272
467 163 562 195
653 175 698 210
362 176 487 222
425 184 466 206
406 170 520 221
654 172 686 196
815 172 1013 276
573 210 606 240
1 185 34 217
537 181 569 207
94 187 185 236
459 176 499 201
515 179 560 217
476 187 523 221
4 178 231 300
802 178 942 291
498 175 557 224
412 176 467 208
725 150 813 185
874 171 950 197
444 182 482 212
128 180 299 252
192 185 423 286
710 175 760 209
497 175 535 207
693 173 741 206
483 178 530 218
163 183 398 288
495 174 524 197
316 177 468 248
417 176 495 229
177 179 238 210
78 177 197 227
478 190 521 218
590 174 617 201
758 197 896 247
630 181 661 205
382 176 502 221
650 175 680 197
2 168 329 310
631 183 680 216
650 176 699 219
84 173 376 278
134 170 402 259
344 183 391 206
80 189 163 221
439 180 509 226
308 188 346 222
743 174 824 206
6 182 79 251
385 167 502 216
558 176 592 195
678 177 773 256
546 185 578 209
196 192 287 226
409 179 521 259
552 172 579 194
664 179 718 224
598 177 629 208
474 162 523 206
574 171 599 194
332 189 427 226
711 183 792 240
1 193 59 250
996 179 1239 373
880 169 954 205
491 179 549 220
224 179 271 203
576 180 611 212
949 176 1104 228
597 176 623 201
316 181 414 237
635 182 673 212
749 178 935 254
593 178 620 204
615 176 714 204
578 178 608 206
1116 203 1242 375
733 161 789 189
930 195 1023 231
710 176 777 233
838 186 1123 300
396 175 470 226
546 180 578 203
597 179 623 199
348 184 411 207
584 169 634 218
512 171 560 210
625 170 652 197
82 204 213 255
1107 158 1240 243
1009 160 1157 228
823 154 932 186
578 185 616 216
619 175 654 201
638 181 689 217
106 190 146 222
678 177 772 243
568 177 607 216
632 179 663 201
690 175 731 202
180 173 249 207
474 188 532 222
638 176 673 205
726 177 849 275
752 178 949 252
317 184 434 255
1 199 54 245
554 186 602 225
556 181 606 222
378 177 475 223
193 190 253 217
1051 136 1156 189
797 167 864 200
278 183 319 208
375 182 417 205
697 167 772 225
672 171 722 211
202 204 251 237
939 157 1009 195
222 193 296 224
246 191 307 222
12 203 165 308
393 180 435 204
424 182 459 205
525 176 556 194
681 178 748 233
700 160 801 204
409 186 507 245
703 181 732 205
563 181 592 203
657 184 704 223
319 185 381 239
584 178 620 213
150 161 407 252
653 161 740 190
471 185 513 218
388 179 438 212
748 178 800 210
171 189 217 219
363 172 497 227
376 183 415 206
413 183 468 221
12 198 122 375
577 180 605 208
389 178 516 233
673 170 702 195
593 182 624 210
635 180 682 216
309 177 425 230
530 192 605 219
595 176 627 208
314 185 478 280
662 188 753 260
440 182 507 216
366 182 426 205
536 184 567 209
373 183 437 213
276 178 340 211
592 182 636 221
653 168 700 200
679 174 756 238
629 170 679 212
603 171 642 205
378 187 418 209
269 201 326 229
574 165 605 196
593 175 630 222
436 176 477 213
432 191 465 211
377 169 487 224
638 183 672 206
615 171 638 193
663 183 718 226
521 178 560 209
642 174 668 199
472 187 516 217
251 173 307 200
629 175 667 202
853 192 1141 292
608 164 651 193
678 178 742 222
647 175 684 210
669 170 772 249
197 173 253 206
575 176 617 217
722 173 842 228
562 172 632 223
595 178 628 208
859 178 965 277
640 175 664 196
652 175 756 227
427 182 473 201
486 177 525 209
867 153 1043 222
651 184 717 241
171 201 424 331
488 177 543 215
588 167 627 203
561 178 602 216
292 183 333 205
950 157 1119 221
851 169 902 192
566 176 610 211
233 209 306 251
700 169 863 279
221 173 448 248
459 175 513 215
350 189 409 239
441 184 477 209
669 155 707 195
599 181 625 205
533 181 558 200
389 176 484 216
352 178 474 237
635 180 671 210
599 178 628 203
378 186 419 207
591 179 619 207
648 169 685 201
4 198 169 288
662 168 731 217
537 179 585 223
322 175 400 219
515 186 545 211
34 188 173 271
434 183 479 220
461 177 547 216
76 175 314 263
547 175 591 207
350 179 496 232
468 177 508 207
675 176 761 214
406 162 450 194
785 162 954 220
702 186 763 234
500 185 550 224
237 186 398 259
581 176 616 204
377 177 462 236
602 175 640 206
720 176 851 223
649 175 684 201
981 161 1095 205
381 185 423 214
589 170 623 204
628 173 655 196
638 172 666 198
447 166 535 209
583 178 611 206
252 169 304 193
439 175 473 202
530 179 572 217
674 176 783 225
179 177 396 262
710 179 787 249
424 184 456 207
436 180 485 205
490 183 529 213
597 179 627 208
581 172 612 195
715 170 926 300
419 181 540 222
614 180 650 209
401 194 451 218
446 187 519 238
515 181 564 213
606 178 644 208
380 203 416 227
479 174 533 197
449 174 484 201
578 175 604 195
575 174 602 196
529 174 561 202
333 176 368 202
153 188 366 264
541 173 569 195
375 185 431 219
629 173 670 205
778 163 821 188
683 172 708 192
583 178 617 206
765 185 802 207
530 182 559 207
575 186 607 213
576 179 615 211
244 177 290 209
467 177 503 203
895 161 963 199
511 164 721 255
1155 141 1242 201
91 195 187 249
848 168 1023 249
495 178 549 195
1073 178 1212 215
674 173 720 209
759 178 783 201
796 179 938 252
450 174 485 197
628 176 655 200
646 179 679 207
649 167 712 215
535 174 567 198
406 180 442 201
595 174 628 204
219 185 421 265
828 152 923 202
628 180 664 208
595 180 622 207
639 177 678 211
704 170 728 189
201 184 420 245
695 167 759 192
402 175 508 216
690 177 746 221
392 173 521 223
652 172 697 210
423 185 468 216
321 172 360 192
4 159 154 304
406 181 495 225
291 168 496 232
301 181 429 255
672 173 739 230
354 184 400 207
536 176 559 198
667 180 722 231
593 176 621 203
2 208 251 375
764 153 801 176
666 183 734 242
667 181 703 211
458 181 513 222
607 178 632 202
408 178 452 201
653 176 716 224
566 159 589 181
407 181 523 220
543 162 581 192
673 178 724 210
696 183 798 242
572 182 611 216
684 178 756 215
675 171 765 212
1 219 121 375
193 183 391 248
567 182 600 206
688 174 801 266
448 178 493 205
4 200 239 318
1067 166 1236 242
1152 201 1240 375
1083 180 1171 222
683 170 746 218
588 179 617 206
337 189 375 209
797 162 952 227
544 160 571 181
402 182 506 221
762 159 888 211
653 173 698 207
1 233 117 331
315 185 387 229
681 177 713 200
571 172 595 195
423 181 456 206
739 174 893 235
943 162 1015 188
107 183 284 247
402 177 483 215
624 175 648 197
429 177 503 209
466 177 504 202
458 179 486 199
342 180 417 205
733 181 801 208
718 174 741 193
545 183 572 205
380 178 513 253
654 179 699 211
898 174 950 203
593 170 627 200
526 176 593 199
589 177 617 205
545 177 579 203
836 168 881 189
200 181 382 267
468 186 503 211
704 176 832 274
28 188 327 308
338 188 397 235
634 176 662 199
638 174 666 197
530 177 558 199
701 171 817 260
444 165 510 194
491 182 523 204
215 177 314 225
152 188 226 219
417 183 459 212
748 163 804 207
464 181 523 213
793 181 829 203
605 172 646 213
162 181 250 215
545 178 588 200
715 171 753 203
588 171 623 204
766 162 898 212
2 204 99 246
449 171 527 214
433 178 543 223
589 169 641 199
1060 169 1229 236
577 188 605 217
557 167 587 193
1009 159 1237 282
735 175 847 252
590 177 620 204
99 187 337 267
648 164 681 187
385 186 452 215
417 180 452 199
65 185 197 240
573 178 622 216
684 173 726 207
537 182 564 204
643 173 688 209
623 174 649 198
618 170 671 214
1114 159 1242 370
676 180 753 221
597 178 622 202
1082 184 1240 366
789 164 931 224
193 179 365 271
707 168 808 241
447 188 510 236
604 182 660 222
580 174 609 203
596 177 621 202
60 193 150 225
224 196 283 218
674 179 737 217
414 168 487 202
431 185 475 221
128 168 383 264
657 176 726 221
537 177 577 213
533 181 567 211
252 173 432 253
414 176 491 215
317 187 365 213
660 169 697 196
327 185 385 216
684 169 733 211
680 161 738 190
103 177 392 288
276 177 347 213
377 187 534 281
701 192 785 225
846 167 1136 282
95 173 427 280
492 177 530 205
537 168 568 192
498 173 537 204
791 161 930 213
271 176 315 200
512 176 553 218
445 183 519 211
630 181 657 206
86 180 332 268
641 190 669 215
766 157 849 238
414 165 473 202
1136 178 1242 366
514 175 557 203
598 173 631 203
617 177 645 198
675 183 727 220
716 164 809 207
512 184 546 209
230 175 374 235
435 187 485 205
556 170 593 199
222 190 286 239
206 179 296 209
475 183 530 211
675 175 710 195
567 184 597 209
431 173 475 197
296 179 439 248
899 147 1112 230
683 180 750 231
382 185 437 222
879 166 926 184
378 181 438 219
496 182 532 213
496 180 541 207
524 180 558 210
493 176 519 194
563 167 606 196
559 178 583 197
441 175 524 209
224 183 262 216
155 180 445 271
496 176 536 210
465 183 519 206
821 188 1061 293
646 170 685 209
521 183 555 207
823 167 1101 279
933 126 1137 251
489 180 532 211
360 182 492 224
530 175 583 204
693 170 744 208
717 172 868 288
1 175 263 293
448 171 533 234
585 176 612 205
594 180 621 206
718 171 823 219
375 185 416 207
977 159 1150 207
18 187 169 246
502 182 546 216
514 177 563 219
732 182 903 265
410 185 475 228
527 184 560 207
467 183 511 216
29 193 303 292
383 171 522 229
670 174 697 193
642 182 675 203
389 175 423 198
451 185 488 208
689 177 786 250
405 187 445 212
423 183 498 215
203 158 444 249
998 177 1115 213
822 162 868 188
258 190 403 280
574 175 606 206
842 163 885 186
660 171 693 197
481 186 516 211
653 179 696 214
513 179 545 198
779 159 827 185
1122 163 1239 262
661 174 708 215
798 146 905 188
436 185 467 204
426 180 467 207
390 178 435 207
321 176 373 206
576 180 612 204
526 186 553 210
687 178 784 254
332 187 486 263
659 174 708 209
586 175 611 195
714 166 812 252
546 180 580 207
927 173 1112 256
664 178 720 221
453 188 506 229
573 169 609 204
643 178 680 208
502 182 550 222
507 181 551 215
491 186 545 232
598 175 625 202
210 189 338 254
588 175 631 215
958 154 1008 176
539 177 562 195
434 183 482 222
792 161 995 237
687 175 725 202
136 191 274 252
396 185 428 204
648 179 713 221
868 181 1165 296
428 165 527 203
379 176 434 213
566 182 599 201
129 183 337 291
644 175 673 196
484 181 524 213
431 178 514 234
777 175 895 222
521 173 574 212
524 177 558 200
541 177 584 206
574 175 609 206
508 176 566 205
261 187 393 249
550 179 574 198
397 177 509 220
771 195 950 253
405 183 443 206
934 175 1191 242
99 176 368 278
734 159 766 193
238 177 398 243
120 170 379 268
688 174 820 237
258 168 473 248
544 173 580 208
416 176 516 216
1 220 53 328
774 173 808 198
376 179 414 209
646 175 710 205
238 181 330 234
671 172 744 207
473 183 516 211
530 171 560 198
528 179 564 209
101 183 350 262
425 180 511 222
669 177 726 228
183 169 356 242
248 184 302 210
864 161 919 194
827 179 1034 274
654 178 684 207
686 186 758 239
658 172 683 194
732 186 767 206
71 209 157 240
616 168 654 200
7 187 121 231
99 185 350 296
651 172 691 203
472 174 517 206
439 177 492 208
604 185 634 215
675 174 725 211
657 163 685 189
229 169 414 258
665 186 715 223
647 177 711 221
636 174 680 210
239 194 284 231
614 166 638 188
669 180 694 199
467 181 514 220
344 182 504 236
517 188 556 216
632 180 660 207
603 178 633 208
664 171 732 209
563 181 596 205
339 181 491 242
659 177 688 202
734 173 898 230
209 177 272 207
112 166 234 226
819 168 864 184
1075 171 1237 241
572 176 610 211
418 183 453 202
910 144 991 169
641 177 669 203
196 194 234 226
459 169 528 206
578 182 606 208
625 160 661 190
432 176 485 216
317 187 504 310
317 178 363 205
552 176 606 217
644 179 693 219
334 177 466 231
616 176 665 215
667 174 716 216
689 168 802 254
550 176 576 198
541 184 573 214
649 179 702 224
440 176 510 222
470 189 514 220
881 185 1206 298
354 176 398 207
393 178 475 239
488 178 516 200
752 174 861 247
545 176 569 193
646 175 697 210
570 163 602 189
831 195 1115 287
348 169 377 186
647 161 711 214
312 187 368 216
647 180 697 223
290 171 436 256
325 178 450 229
551 179 574 199
540 179 574 207
122 174 396 275
608 176 645 207
679 170 718 194
676 177 709 205
417 176 487 221
583 184 616 205
487 180 564 216
551 177 571 195
583 181 615 213
503 185 563 237
722 168 832 222
529 181 562 206
361 181 407 206
628 177 653 199
699 173 766 227
479 183 522 217
108 175 218 219
451 183 493 214
13 168 312 306
12 190 204 294
502 175 539 208
551 186 579 207
756 191 910 288
578 180 609 208
744 174 902 240
235 181 384 246
209 169 408 233
512 178 573 196
639 164 686 191
233 178 287 206
30 169 319 289
532 188 567 224
291 189 390 241
505 176 544 205
386 189 429 214
524 175 559 199
377 187 423 212
632 175 669 209
592 171 629 205
584 176 602 191
680 168 746 220
639 185 665 205
631 175 655 194
337 170 484 226
733 167 814 234
577 179 615 208
641 178 685 215
368 177 421 218
416 190 519 232
711 183 828 263
562 176 581 194
488 173 564 208
721 184 855 291
427 179 468 205
661 177 696 206
661 173 712 214
544 176 577 203
446 166 542 203
453 178 502 218
405 181 472 212
1 174 150 240
574 178 614 216
7 169 273 291
525 177 561 207
417 179 500 214
557 163 593 193
419 191 456 219
629 177 652 197
400 176 464 224
507 179 558 221
386 178 511 224
597 180 639 213
549 179 575 201
593 179 619 205
384 170 511 221
1061 180 1212 240
530 170 567 201
584 180 629 218
655 175 762 218
639 178 681 210
60 191 215 247
644 185 687 221
424 181 511 217
238 179 441 254
396 173 516 221
1 176 193 352
14 191 278 348
481 187 516 211
466 176 537 208
502 179 552 217
654 183 692 203
164 176 261 224
378 180 429 215
146 200 200 231
369 190 518 246
1163 233 1242 369
819 167 865 189
498 176 532 201
450 175 495 195
610 170 635 192
589 174 624 210
260 179 382 242
538 180 560 200
700 178 731 200
116 193 182 219
624 183 656 207
375 184 420 210
443 180 506 210
347 182 486 229
419 184 461 211
755 175 938 241
752 151 830 218
546 170 579 196
200 179 416 265
670 173 741 203
637 161 672 185
214 183 336 245
628 173 678 206
1161 176 1242 254
546 172 574 192
744 180 775 198
419 175 451 196
531 182 561 210
634 176 673 207
483 177 525 205
490 179 520 203
686 172 771 232
664 177 707 215
563 167 597 197
737 177 885 233
1117 149 1224 188
836 171 874 192
651 177 712 226
427 179 453 196
109 192 275 259
708 182 765 218
459 179 494 200
434 180 504 222
694 179 737 215
647 171 683 201
177 173 441 306
289 178 348 218
558 179 586 201
672 180 731 224
394 186 451 228
514 177 550 205
690 181 743 223
663 172 717 217
465 181 510 213
533 183 560 206
650 178 697 222
309 190 483 278
928 156 1002 194
909 177 1074 232
793 173 864 208
353 175 485 223
653 175 700 207
546 178 589 218
536 172 573 206
519 167 553 197
513 180 540 203
63 178 166 216
124 206 217 252
665 172 728 224
839 164 886 192
118 191 377 277
465 175 509 208
444 180 633 274
602 177 640 206
733 167 772 196
819 175 849 197
616 176 654 208
548 174 585 207
645 180 678 203
76 194 170 233
851 121 882 147
137 184 304 270
640 178 673 209
251 173 460 247
468 178 513 211
284 179 459 263
247 179 353 235
400 175 522 222
737 186 875 232
508 180 548 207
539 163 572 192
707 178 772 210
544 186 575 210
1 174 207 374
287 179 321 196
362 176 438 211
176 180 382 243
711 184 748 207
911 174 1092 240
526 168 558 193
1 200 79 316
238 184 326 225
425 178 485 215
637 167 680 197
645 180 683 212
32 164 241 295
225 195 356 268
484 180 524 210
207 176 312 224
838 191 905 221
362 178 470 218
642 177 688 213
544 176 574 202
634 178 680 211
670 192 812 240
472 178 525 221
671 173 721 204
649 162 698 209
678 175 742 227
833 171 865 189
222 174 417 240
647 179 671 198
518 181 545 203
433 183 522 217
520 180 550 199
666 178 748 207
409 190 439 209
708 176 756 198
418 167 499 210
555 178 585 206
710 182 869 279
350 176 436 205
762 183 892 271
440 182 475 211
647 176 686 208
453 186 503 225
130 192 194 220
199 170 406 254
672 168 720 199
489 178 536 219
672 182 741 237
282 191 368 241
923 188 1106 272
656 175 683 191
2 195 165 368
440 190 494 231
625 179 660 207
397 175 477 203
469 177 519 223
524 182 580 224
672 165 720 199
139 196 261 260
1001 151 1132 182
1074 177 1199 222
347 210 482 302
552 180 576 199
731 170 752 188
860 157 918 176
378 174 485 227
656 172 690 192
655 177 709 220
704 178 770 232
543 179 570 202
199 191 251 211
558 178 585 199
39 191 148 241
682 175 758 236
453 179 486 198
716 174 775 207
476 190 499 206
224 184 340 241
586 174 608 194
534 183 558 205
726 176 851 225
590 187 611 206
566 175 606 206
208 184 252 209
98 174 410 313
579 179 620 219
809 174 873 205
380 184 445 218
90 157 374 262
507 171 721 271
728 167 756 190
470 171 530 206
677 183 732 224
668 168 756 218
390 175 469 205
1101 187 1224 236
328 188 435 238
674 171 885 243
648 177 693 214
146 188 211 237
355 182 440 232
669 175 746 233
433 180 495 213
652 175 697 205
664 173 704 205
397 168 437 196
589 175 647 242
667 175 700 199
171 197 256 237
4 172 324 342
684 179 759 230
507 185 545 215
411 185 465 224
545 173 573 195
580 176 601 193
415 181 458 211
459 188 509 224
600 178 626 202
414 178 457 207
588 172 616 196
300 178 369 229
340 159 473 226
486 179 526 208
348 182 441 231
226 178 307 212
410 180 439 196
567 172 614 205
549 180 573 201
416 175 449 195
409 178 484 231
732 162 825 204
652 178 694 217
724 176 921 254
1012 156 1158 227
561 168 597 198
5 172 249 291
11 187 140 224
278 186 364 218
554 180 579 200
417 179 461 207
292 181 451 244
347 185 471 228
506 181 533 201
395 185 441 208
439 177 521 210
611 160 652 186
777 179 813 206
658 165 712 215
124 173 316 241
291 163 426 217
610 180 645 207
440 188 504 236
1091 179 1240 253
428 163 500 217
503 178 529 207
490 179 551 227
792 181 822 198
642 180 681 208
407 182 453 212
602 181 637 215
982 175 1166 239
515 177 552 213
247 182 363 230
417 176 512 217
555 167 580 185
531 179 565 206
343 163 487 219
582 176 606 197
405 182 480 222
514 177 539 195
555 169 582 187
393 185 507 225
449 183 477 200
543 172 573 194
520 188 558 225
1037 161 1227 256
521 191 556 218
223 182 283 208
561 176 580 191
650 155 674 176
425 181 533 236
61 185 352 333
3 184 156 274
181 189 232 214
499 185 537 213
723 174 823 239
584 176 608 194
571 165 629 227
582 163 615 189
522 168 561 198
454 189 538 223
519 180 548 204
495 176 555 209
538 192 575 222
716 177 885 285
739 187 864 259
528 170 574 204
990 161 1112 208
1 175 63 361
650 176 684 205
427 176 492 206
638 174 673 209
391 191 432 213
605 177 638 204
465 181 512 222
466 187 509 222
779 169 933 236
1001 134 1242 244
530 183 553 199
637 172 677 201
472 190 499 208
402 178 502 214
942 180 1038 220
59 169 345 291
649 178 681 203
699 180 829 271
247 178 341 225
479 185 518 212
1 203 222 375
714 172 735 190
579 174 617 206
318 191 412 221
495 180 539 204
666 176 726 218
820 169 917 234
480 179 528 211
690 165 733 201
368 173 423 213
560 177 589 196
547 178 573 201
372 190 410 212
432 178 482 199
516 175 550 195
615 174 661 207
1027 168 1198 243
554 181 582 205
651 176 699 219
421 176 454 194
1013 192 1081 224
327 175 475 233
153 177 298 240
554 180 603 223
627 177 652 199
494 176 568 204
259 206 320 231
502 184 534 209
360 183 390 202
513 169 560 210
625 171 659 196
590 181 621 209
595 168 631 207
541 173 575 207
782 189 911 246
407 170 497 210
109 182 358 301
428 180 479 215
578 169 627 209
639 175 664 195
700 177 813 257
514 176 558 210
336 179 375 200
118 198 266 269
495 171 536 206
407 176 439 198
309 190 421 251
472 181 517 215
428 182 507 243
574 180 604 203
671 177 697 196
1012 164 1191 243
642 175 682 213
641 172 685 209
707 173 767 223
437 175 476 199
81 163 383 268
801 160 932 246
687 168 780 223
451 179 521 219
959 177 1150 266
605 187 627 208
556 180 576 196
647 172 704 199
558 183 582 201
1065 136 1214 191
464 175 525 203
661 179 699 210
408 173 513 215
1 210 162 375
200 188 331 239
590 182 618 209
574 185 605 213
663 178 736 216
686 186 767 239
681 185 721 213
486 185 519 208
4 188 116 240
871 152 1068 207
655 175 688 202
670 174 707 198
383 186 458 239
389 175 481 229
995 195 1152 328
393 193 521 292
1044 163 1192 221
499 177 550 206
726 174 888 320
490 185 556 244
341 179 382 201
479 180 536 224
638 172 681 207
578 177 606 207
590 168 642 211
1 179 179 287
387 180 437 212
588 178 606 193
664 177 718 222
974 164 1146 240
649 176 682 204
871 176 933 205
359 176 470 225
739 176 902 274
712 168 731 184
654 185 700 210
261 181 446 240
666 187 717 215
388 180 469 241
483 178 525 209
534 172 564 196
651 179 725 210
559 174 590 205
1145 209 1240 375
264 196 399 269
629 170 688 220
683 171 753 210
507 183 571 228
637 168 699 199
790 164 842 203
577 174 597 190
394 184 499 253
692 187 818 266
548 173 572 195
724 186 796 237
832 168 873 189
562 163 587 187
628 177 653 198
334 186 446 247
2 185 52 288
627 173 661 205
480 185 515 210
945 155 1015 195
74 181 268 307
458 161 499 185
701 170 770 200
558 184 579 201
625 171 659 195
476 182 543 238
539 177 570 203
168 183 322 257
468 182 516 218
671 173 702 198
434 161 469 183
621 172 660 203
502 188 541 219
794 155 848 184
588 183 606 198
188 181 330 243
169 199 393 306
643 172 688 211
549 170 573 189
554 189 580 213
652 172 695 201
653 174 707 206
506 180 560 221
511 182 549 202
467 183 489 199
343 179 377 210
246 182 301 204
809 173 906 202
586 179 606 194
5 200 205 310
548 180 567 195
495 178 563 207
3 184 172 375
570 173 617 209
482 187 524 217
1 185 93 218
663 182 753 219
492 169 558 223
460 185 499 209
454 182 531 242
291 178 383 214
466 181 496 203
251 180 377 227
392 174 465 207
587 182 605 196
694 175 764 211
698 193 849 290
404 188 488 244
530 177 570 210
594 179 620 204
295 172 412 236
448 180 485 201
317 182 379 222
616 176 676 206
142 189 268 245
546 180 574 204
587 173 617 204
927 171 1121 233
23 183 82 217
668 172 741 212
57 161 357 269
376 177 437 223
335 169 477 235
602 181 621 197
662 171 696 197
18 198 113 231
704 184 769 240
483 190 511 212
427 170 505 218
310 189 350 221
375 173 402 192
485 178 541 206
1 178 59 243
510 169 560 212
483 183 526 215
219 176 306 203
504 162 538 190
8 179 138 257
1106 158 1242 250
498 181 542 213
644 177 708 207
616 167 667 210
629 170 649 186
897 143 1064 211
405 180 455 213
333 174 407 209
312 187 469 247
202 187 264 232
806 171 865 203
192 187 281 216
105 199 190 235
412 180 458 209
7 202 254 352
195 201 252 232
1091 161 1200 194
1 176 212 270
463 168 520 206
905 156 1111 227
34 176 190 243
558 168 595 199
531 190 561 216
283 178 430 231
470 178 511 200
484 176 550 207
546 181 572 203
10 189 162 303
761 176 797 210
257 197 437 257
662 189 745 251
622 180 650 206
663 185 711 225
697 153 786 189
310 185 472 280
964 182 1163 274
452 178 475 196
262 179 357 219
467 191 519 229
691 182 826 234
482 174 515 195
575 176 603 191
163 188 285 242
612 176 635 194
550 176 596 216
600 183 640 214
284 183 367 219
285 172 384 226
545 179 580 206
1081 151 1185 189
526 183 547 201
484 179 520 207
492 180 528 210
384 183 448 233
707 163 763 194
516 180 569 213
990 156 1132 215
190 175 394 259
424 186 480 227
667 180 733 231
228 203 296 235
559 182 588 201
571 177 601 198
461 184 504 207
438 183 493 217
591 179 628 208
668 178 731 210
802 165 861 207
887 186 931 220
573 177 603 198
624 176 651 202
486 180 520 209
835 186 863 201
757 178 818 210
591 176 625 209
914 144 1009 186
876 163 923 181
95 185 213 234
930 161 1055 206
648 172 680 200
585 173 634 204
189 195 291 230
878 176 974 221
614 179 646 205
648 182 679 203
582 177 616 208
825 166 920 202
537 179 561 198
554 168 585 195
582 166 612 185
504 177 552 213
776 148 832 176
703 174 725 192
370 176 445 228
599 168 642 195
666 183 701 215
298 181 357 210
583 174 619 210
697 168 754 198
616 181 649 205
635 172 659 192
341 163 373 182
2 209 19 250
618 177 654 206
637 174 683 204
866 159 935 193
453 185 487 200
640 180 669 206
401 182 507 235
533 180 563 201
444 178 491 215
626 167 655 192
586 177 604 192
421 177 513 219
348 192 395 219
364 164 400 184
263 180 313 207
419 180 449 198
535 178 567 208
674 169 711 189
404 179 497 225
967 151 1031 180
568 175 589 191
517 182 557 206
592 180 642 221
630 174 663 207
689 179 795 237
717 163 771 187
862 163 914 183
637 176 671 203
226 192 275 215
646 170 680 197
447 192 522 243
342 179 382 199
484 171 511 192
892 177 1044 223
542 181 580 209
247 195 314 238
464 180 508 210
587 176 623 207
363 181 399 202
311 192 369 224
463 189 526 241
828 178 905 210
218 196 303 237
629 167 657 195
167 194 227 233
326 173 402 207
1106 197 1240 372
1 161 62 331
946 171 1046 211
704 172 744 194
382 176 420 197
653 176 689 207
555 169 580 194
675 177 706 201
516 168 546 198
156 182 316 245
268 182 310 205
462 185 492 206
1 186 30 244
383 179 443 227
945 198 1240 346
287 175 386 228
317 169 425 229
314 181 352 203
792 170 835 197
842 159 894 183
464 181 511 220
924 139 1120 261
258 175 341 204
576 177 607 201
662 173 711 205
374 178 408 193
644 175 683 202
645 177 699 204
677 173 714 202
1170 127 1238 177
57 181 236 253
406 182 472 226
1160 137 1238 193
413 180 500 234
522 177 557 209
395 178 432 196
589 166 627 190
1144 113 1242 249
752 175 903 240
759 165 834 206
744 185 793 219
287 173 341 195
578 174 625 209
764 177 919 241
614 175 642 197
304 185 387 236
423 176 448 193
149 188 338 255
534 172 570 201
277 179 351 229
588 168 630 195
650 176 688 207
372 177 397 199
158 186 260 244
202 167 253 194
406 176 482 211
554 169 596 204
450 174 487 208
197 184 314 234
798 175 867 208
2 194 19 232
682 171 714 191
646 168 685 198
330 191 393 226
649 169 691 210
485 206 550 244
451 202 513 237
211 183 313 237
429 178 471 206
534 179 580 210
297 187 359 218
829 188 947 229
5 188 159 243
458 181 506 220
575 175 605 201
526 179 558 196
646 179 684 201
298 174 351 203
785 183 827 220
123 190 181 222
572 162 604 188
592 174 639 216
521 181 564 206
745 181 777 209
675 158 720 186
862 174 887 189
946 145 1042 186
797 150 880 187
54 197 191 281
398 159 507 208
246 193 397 270
410 170 480 200
261 204 326 228
696 178 736 206
2 178 113 231
595 177 633 204
498 182 546 207
931 161 1014 204
976 159 1074 205
299 166 401 212
260 174 333 209
191 175 313 233
466 182 502 209
194 174 285 219
410 183 467 221
526 173 559 193
350 177 399 205
452 175 503 207
305 176 376 224
364 175 511 227
14 203 111 279
552 165 581 186
270 182 333 207
39 178 167 243
421 177 477 204
876 163 970 202
502 171 537 204
404 186 470 223
315 180 360 206
497 171 538 208
518 178 556 197
702 176 758 207
332 185 383 207
576 188 712 256
566 178 591 202
730 171 765 193
439 180 470 199
283 192 347 229
327 176 414 225
589 175 623 209
473 187 516 217
528 171 556 194
291 199 364 228
1138 152 1234 193
353 175 385 193
471 181 500 204
228 171 368 239
283 202 356 227
683 169 719 187
325 189 436 265
491 178 599 229
1193 126 1240 180
445 178 508 219
789 173 863 215
234 193 421 323
526 181 557 200
1162 146 1242 200
475 175 506 197
330 184 375 210
404 177 436 194
683 184 745 207
490 174 537 196
806 177 831 202
454 176 487 196
24 189 300 328
546 168 581 191
191 191 249 229
1 191 94 247
583 183 606 205
558 166 588 185
277 181 469 291
788 168 868 209
271 192 325 226
258 192 319 225
758 165 804 185
1161 148 1239 185
549 179 580 205
