0.0839709
0.00246931
0.450092
1.34613
0.220122
0.180864
0.0246515
0.296369
0.531924
0.00778568
0.0340251
0.000647696
0.0024552
0.11571
0.00758684
0.335555
0.00187524
0.241059
0.000583317
0.336866
0.000122277
0.211931
0.414133
0.274441
0.374329
0.00423193
0.0688033
0.230769
0.302964
0.345659
0.302278
0.37772
0.00116301
0.141825
0.183833
0.402798
0.309403
0.399333
0.334163
0.382037
0.149289
0.0549159
0.603019
0.213963
0.128618
0.514275
0.2878
0.203758
0.104813
0.377458
0.236505
0.364697
0.234064
0.284948
0.503208
0.256456
0.247175
0.23615
0.453182
0.379231
0.341327
0.441183
0.152224
0.348654
0.408075
0.405169
0.568139
0.363721
0.443401
0.173515
0.179286
0.214383
0.160816
0.415287
0.354225
0.261943
0.377984
0.156251
0.440426
0.236084
0.136915
0.279434
0.575646
0.397351
0.153024
0.467924
0.420256
0.126411
0.18008
0.230123
0.436325
0.420099
0.580286
0.415093
0.401343
0.460385
0.319998
0.337591
0.0548621
0.223841
0.327959
0.439022
0.413774
0.352853
0.0924237
0.333871
0.402531
0.40333
0.334024
0.410339
0.303431
0.111336
0.458929
0.345257
0.316783
0.330491
0.36011
0.316942
0.331032
0.476928
0.157293
0.502762
0.130469
0.0270644
0.419139
0.447775
0.246162
0.392644
0.214889
0.25972
0.49628
0.248671
0.373453
0.421162
0.319944
0.352708
0.191118
0.0223705
0.737937
0.297605
0.383079
1.35239
0.311203
0.500873
0.444084
0.364304
0.459164
0.322493
0.374434
0.412721
0.457897
0.287213
0.386218
0.777969
0.68245
0.333341
0.34185
1.72057
0.38475
0.370794
0.391171
0.101929
0.429925
0.441463
0.492706
0.333896
0.276631
0.281123
0.14737
0.9593
0.26975
0.32321
0.564877
0.468465
0.433673
0.0312214
0.451838
0.486489
0.288395
0.273638
0.648608
0.325442
0.626104
0.436523
0.313953
0.54142
0.16286
0.295357
0.297133
0.416063
0.618477
0.392756
0.645541
0.146791
0.367233
0.46074
0.359319
0.263558
0.304699
0.22118
0.284311
0.607883
0.336658
0.823039
0.487094
0.37213
0.237666
0.312342
0.210798
0.370024
0.348732
0.507313
0.167216
0.209728
0.430071
0.560713
0.0272672
0.520908
0.442041
0.509914
0.523892
0.326093
0.370111
0.293942
0.334104
0.423664
0.126934
0.356654
0.22704
0.47827
0.322536
0.349292
0.60141
0.307243
0.363774
0.556362
0.531248
0.509533
0.418836
0.377135
0.38836
0.39657
0.326829
0.376822
0.509898
0.903783
0.641826
0.318685
0.567862
0.30082
0.294556
0.20962
0.304348
0.55574
0.335417
0.256083
0.287541
0.515157
0.629933
0.235079
0.268062
0.350399
0.388308
0.303424
0.373105
0.616378
0.435127
0.442275
0.353688
0.330197
0.568706
0.427691
0.204537
0.283297
0.271335
0.327199
0.339245
0.217407
0.235849
0.287842
0.611449
0.61608
0.189186
0.363178
0.643713
0.703649
0.283447
0.35082
0.235382
0.352274
0.347884
0.166577
0.255452
0.332411
0.575567
0.343891
0.411607
0.288357
0.38563
0.612094
0.344476
0.370564
0.380673
0.395976
0.282475
0.429167
0.408335
0.125403
0.425188
0.195461
0.0717124
0.3444
0.372803
0.910904
0.274867
0.272297
0.22505
0.362091
0.437904
0.354386
0.194906
0.516653
0.21765
0.440103
0.675837
0.337004
0.351258
0.432743
0.59608
0.820607
0.831426
0.284399
0.442522
0.314681
0.349925
0.136428
0.284932
0.225374
0.13479
0.263604
0.442577
0.927303
0.56002
0.649241
0.426787
0.311253
0.528177
0.392129
0.583396
0.28378
0.560232
0.37806
0.244681
0.2302
1.03353
0.31545
0.114481
0.602297
0.387988
0.384148
0.194282
0.277024
0.248222
0.642594
0.356214
0.33463
0.13838
0.22796
0.497993
0.407526
0.504473
0.430983
0.339876
0.170801
0.321304
0.681288
0.621203
0.345352
0.274181
0.29154
0.355526
0.302047
0.424075
0.558848
0.249424
0.529688
0.316702
0.229206
0.274516
0.416802
0.296916
0.198703
0.400912
0.178138
0.283316
0.138033
0.323927
0.605503
0.231681
0.628427
0.430601
1.18909
0.809943
0.456467
0.220697
0.467785
0.189231
0.358016
0.362138
0.273813
0.388981
0.344055
0.0146066
0.31289
0.502852
0.578845
0.330368
0.643249
0.260901
0.354776
0.275538
0.767678
0.0741461
0.349758
0.361319
0.532661
0.208731
0.220257
0.271301
0.648487
0.331207
0.837304
0.30062
0.311012
0.741567
0.452984
0.261415
0.331402
0.312612
0.167929
0.347293
0.193383
0.567611
0.358326
0.459324
0.324711
0.307794
0.0908824
0.520253
0.257922
0.347123
0.3861
0.472552
0.833255
0.268142
0.238748
0.661366
0.307263
0.381452
0.372616
0.349056
1.16408
0.18552
0.272068
0.292181
0.813767
0.218387
0.377378
0.441162
0.543116
0.259756
0.215212
0.141986
0.408582
0.356223
0.223715
0.553599
0.296584
0.0897475
0.8173
0.15379
0.27219
0.375533
0.398824
0.631377
0.261611
0.596446
0.336781
0.17884
0.250887
0.536877
1.0436
0.113292
0.571077
0.42066
0.247851
0.263956
0.550186
0.240606
0.603428
0.30965
0.371325
0.25815
0.359354
0.216686
0.421107
0.480646
0.160542
0.410381
0.408453
0.327298
0.81206
0.571738
0.378043
0.565612
0.196884
0.41001
0.526376
0.43515
0.469144
0.298509
0.482859
0.244892
0.337474
0.164841
0.456359
0.346537
0.203403
0.340487
0.588146
0.101166
0.314349
0.813273
0.211723
0.550271
0.224035
0.293053
0.33572
0.746106
0.378021
0.569518
0.333467
0.588657
0.84048
0.422963
0.318108
0.2407
0.0648963
0.274976
0.499012
0.682094
0.449314
0.231029
0.271254
0.383956
0.315947
0.531159
0.34804
0.327387
0.384961
0.26061
0.331564
0.300865
0.29271
0.19503
0.40979
0.393867
0.646908
0.191329
0.546553
1.16134
0.474598
0.0967484
0.421779
0.575606
0.237393
0.485005
0.430675
0.165902
0.294495
0.461445
0.525078
0.454254
0.520111
0.302601
0.335545
0.343356
0.340786
0.543993
0.215998
0.568564
0.257825
0.895427
0.847032
0.455039
0.550728
0.620655
0.425993
0.509917
1.03505
0.198209
1.4405
0.709101
0.554416
0.29193
0.567455
0.439263
0.156704
0.232954
0.202286
0.272205
1.11119
0.284785
0.51896
0.174095
0.303567
0.199835
0.395539
0.224308
0.626715
0.366909
0.367263
0.683277
0.229671
0.0116888
0.295398
0.320297
0.478235
0.689767
1.01527
0.303879
0.262634
0.254529
0.421033
0.496947
0.985487
0.415262
0.336145
0.365327
0.305844
0.490621
0.341111
0.397556
0.233359
0.20628
0.467796
0.267865
0.507281
0.926237
0.150457
0.387083
0.180396
0.255695
0.200068
0.399022
0.146728
0.331516
0.579843
0.300132
0.464006
0.953148
0.392944
0.412788
0.4922
0.21975
0.306585
0.965338
0.174203
0.222548
0.773242
0.523875
0.426077
0.263363
0.315588
0.295307
0.00495554
0.351044
0.13886
0.606235
0.373809
0.235785
0.386876
0.318322
0.243299
0.755901
0.765645
0.441119
0.207215
0.215969
0.0804671
0.198003
0.223454
0.162815
1.07796
0.615186
0.315173
0.228007
0.540811
0.294488
0.362139
0.668514
0.250536
0.117709
0.236216
0.257162
0.666256
0.210512
0.418534
0.391498
0.324451
0.439485
0.274623
0.742319
0.203479
0.521509
0.0162873
0.173497
0.145388
0.155593
0.184952
0.21986
0.46044
0.361368
0.213075
0.500104
0.810495
0.231072
0.392486
0.602398
0.216944
0.523505
0.667063
0.562803
0.642238
0.509241
0.239636
0.319415
0.638535
0.204563
0.211251
0.200911
0.242072
0.339249
0.320827
0.481681
0.483488
0.264429
0.359585
0.420428
0.819955
0.570225
0.396832
0.172718
0.224029
0.409135
0.33124
0.285433
0.283196
0.62134
0.177334
0.773723
0.567627
0.699387
0.732323
0.343655
0.129375
0.0887507
0.286014
0.29039
0.264475
0.414365
0.52503
0.149644
0.304898
0.448259
0.220116
1.09019
0.40582
0.555111
0.380741
0.228756
0.253877
0.677724
0.140077
0.579093
0.340753
0.286589
0.180183
0.117141
0.239084
1.08857
0.291999
0.105265
0.302554
0.428678
0.476783
0.218346
0.237003
1.03901
1.3848
0.189771
0.326387
0.390183
0.247994
0.248992
0.324272
0.837122
0.548806
0.226515
0.46302
0.360637
0.36182
0.210629
0.207931
0.489762
0.374696
0.277335
0.449919
0.322718
0.238608
0.45303
0.616235
0.114029
0.609011
0.739244
0.765579
0.562985
0.349137
0.605842
0.36652
0.490257
0.482753
0.288655
0.818692
0.231657
0.184765
0.407607
0.152354
0.268928
0.83537
0.309679
0.376345
0.143877
0.445892
0.476023
0.0042383
0.407748
0.149339
0.339375
0.672698
0.187124
0.377991
0.0199976
0.253028
0.659941
0.481774
0.378857
0.470457
0.398275
0.191463
0.254997
0.12658
0.163847
0.3087
0.608855
0.716272
1.0017
0.328586
0.247775
0.356991
0.29487
0.237871
0.207449
0.274608
0.293876
0.207335
0.419854
0.119421
0.601316
0.296663
0.305704
0.277611
0.142389
1.00054
0.444423
0.169445
0.413111
0.285933
0.324428
0.217827
0.34257
0.57883
0.271036
0.313565
0.325242
0.621149
0.423033
0.230433
0.253737
0.600703
0.670674
0.988298
0.272225
0.224187
0.331946
0.424916
0.525244
0.596068
0.585986
0.251588
0.583281
0.893521
0.209672
0.0444514
0.324467
0.665499
0.6465
0.214792
0.443373
0.41429
0.245537
0.189377
0.10704
0.410156
0.842347
0.284849
0.329738
0.323962
0.212601
0.749225
0.438884
0.758085
0.360741
0.613535
0.228494
0.547374
0.207473
0.222039
0.432189
0.590339
0.267735
0.619412
0.617608
0.337214
0.441579
0.45234
0.695058
0.41456
0.331016
0.317031
0.134724
0.36301
0.194289
1.03556
0.934667
0.318393
0.654142
0.658124
0.133708
0.199235
0.559137
0.550865
0.521476
0.244698
0.531307
0.127998
0.386322
0.241003
0.843738
0.183906
0.474622
0.314514
0.682068
0.136148
0.338824
0.69427
0.795285
0.519613
0.302265
0.29955
0.224303
0.211086
0.00311939
0.331553
0.591983
0.631376
0.385753
0.229312
0.502968
0.160951
0.289774
0.263081
0.240156
0.202091
0.112959
0.0254672
0.146554
0.441552
0.205613
0.270873
0.294878
0.282806
0.607422
0.252668
0.21103
0.712794
0.20441
0.327413
0.632096
0.66811
0.351563
0.374252
0.422646
0.286599
0.164024
0.328097
0.395031
0.374909
0.0180728
0.358932
0.590765
0.257395
0.53727
0.518421
0.287767
0.404479
0.213774
0.186082
1.39824
0.743137
0.291553
0.20251
0.442496
0.388902
0.218758
0.347159
0.434335
0.120069
0.419002
0.285938
0.279156
0.177993
0.586253
0.232118
0.357323
0.187126
0.575923
0.336919
0.268522
0.226813
0.418872
0.315273
0.358508
1.3577
0.0093039
0.240836
0.608586
0.175634
0.872563
0.21532
0.323027
0.142424
0.156253
0.215719
0.309518
0.346161
0.255821
0.301405
0.507105
0.685677
0.489024
0.317589
0.263913
0.423509
0.224219
0.224179
1.02448
0.460256
0.170338
0.425736
0.462364
0.189292
0.696188
0.84832
0.303091
0.283539
0.30417
0.357537
0.510319
0.150577
0.248425
0.221859
0.556157
0.399539
0.189243
0.311873
0.832589
1.09266
0.386791
0.324646
0.43117
0.677875
0.141942
0.328151
0.393096
0.519497
0.218252
0.360563
0.611004
0.408549
0.603002
0.7451
0.281448
0.239283
0.405961
0.20755
0.188585
0.322211
0.490169
0.144049
0.928746
0.493819
0.446847
0.348534
0.570883
0.198674
0.125262
0.578046
0.819245
0.343583
0.386693
0.526662
0.359628
0.386187
0.250822
0.254152
0.829539
0.154923
0.113406
0.136694
0.408512
0.600753
0.559228
0.588184
0.329004
0.633732
0.175187
0.208556
0.928843
0.281331
0.325857
0.12822
0.178979
0.272594
0.376807
0.503726
0.392811
0.320686
0.313996
0.276938
0.148398
0.560702
0.382817
0.373079
0.605761
0.33833
0.185678
0.190815
0.640372
0.406314
0.460548
0.370974
0.679577
0.226161
0.211734
0.603488
0.796919
0.583002
0.386475
0.142241
0.378239
0.308859
0.471529
0.681975
0.212991
0.209715
0.684147
0.0547027
0.587287
0.32172
0.0124864
0.417895
0.573593
0.250127
0.224797
0.17355
0.469449
0.957833
0.270354
0.720181
0.451459
0.172187
0.182608
0.212341
0.229461
0.161463
0.279213
0.199911
0.255026
0.369744
0.329752
0.712186
0.627711
0.429831
0.329071
0.645496
0.247385
0.0427528
0.733573
0.205911
0.103941
0.393203
0.713398
0.387529
0.569137
0.252901
0.398541
0.298242
0.991568
0.192863
0.423659
0.690101
0.266838
0.593982
0.198764
0.236705
0.480576
0.318455
0.18969
0.381742
0.380819
0.490149
0.159004
0.278862
0.195534
0.32821
0.24176
0.616443
0.813365
0.151592
0.297079
0.458608
0.187004
0.00620785
0.300576
0.536589
0.186593
0.444468
0.466466
0.211694
0.194969
0.199279
0.40103
0.224282
0.610924
0.116255
0.328093
0.581803
0.219217
0.22034
0.574918
0.385461
0.576503
0.488979
0.811737
0.220813
0.251882
0.182421
0.188308
0.353788
0.830862
0.214045
0.277573
0.492343
0.165499
0.628159
0.355443
0.253602
0.513606
0.280114
0.747159
0.514437
0.174734
0.127242
0.0908459
0.275306
0.342614
0.15919
0.798213
1.03555
0.212704
0.209355
0.205616
0.135661
0.295316
0.173954
0.245557
0.515202
0.22759
0.226417
0.198094
0.302531
0.205739
0.735986
0.460417
0.297203
0.442346
0.251154
0.352893
0.593404
0.154902
0.266524
0.214706
1.27478
0.347609
0.263058
0.615664
0.581498
0.239103
0.846476
0.203336
0.203847
0.478918
0.154175
0.272682
0.638676
0.346261
0.451211
0.0991918
0.342367
0.389379
0.175886
1.10125
0.638915
0.989921
0.24261
0.461736
0.196312
0.265166
0.177665
1.03581
0.319875
0.501264
0.494799
0.194123
0.313835
0.413371
0.213547
0.560614
0.22668
0.459647
0.433899
0.199859
0.179652
0.967943
0.0986819
0.14412
0.792114
0.739255
0.250366
0.464796
0.162947
0.309139
0.409186
0.902401
0.300589
0.205402
0.594751
0.263193
0.180319
0.318008
0.29566
0.776931
0.379369
0.486438
0.00710734
0.42372
0.358618
0.570264
0.647356
0.199201
0.736766
0.586982
0.355072
0.36764
0.20654
0.275924
0.454093
0.434165
0.257058
0.346733
0.610149
0.774448
0.17467
0.453077
0.255091
0.16184
0.23193
0.341599
0.444379
0.607939
0.218218
0.209053
0.286903
0.417315
0.471446
0.305846
0.424751
0.531446
0.373637
0.187302
0.286959
0.348877
0.454172
0.236529
0.431585
0.426763
0.715099
0.309005
0.147924
0.175597
0.484909
0.178362
0.240544
0.335523
0.35164
0.26944
0.391114
0.176349
0.226405
0.359852
0.536417
0.292655
0.754499
0.34372
0.339824
0.287855
0.461071
0.374633
0.239251
0.381489
0.0936924
0.511887
0.577404
0.591209
0.401405
0.308997
0.677992
0.609508
0.270681
0.294303
0.436387
0.611722
0.142372
0.547399
0.190658
0.310833
0.605003
0.252744
0.509102
0.502896
0.393703
0.245271
0.214202
0.00265139
1.03169
0.512271
0.180674
0.496623
0.395413
0.339569
0.152159
0.248208
0.39858
1.0629
0.12525
0.64092
0.408453
0.219604
0.380112
1.07066
0.421897
0.33665
0.385487
1.10393
0.521494
0.14075
0.7178
0.877487
0.764114
0.208036
0.325776
0.452103
0.452402
0.371357
0.5963
0.9412
0.635755
0.362207
0.213233
0.165105
0.627508
0.219668
0.188336
0.477594
0.273797
0.307793
0.571062
0.170142
0.13232
0.431827
0.248584
0.551372
0.286933
0.338784
0.240838
0.499079
0.397333
0.204115
0.23848
0.278695
0.20046
0.886347
0.677891
0.11512
0.426049
0.463291
0.214487
0.23508
0.287967
0.179351
0.141898
0.20783
0.490528
0.278515
0.508511
0.778344
0.200326
0.215857
0.603428
0.221773
0.140827
0.480996
0.337916
0.329188
0.378116
0.294971
0.133261
0.264051
0.251168
0.355945
0.350843
0.201148
0.186742
0.585455
0.0270098
0.171359
0.282033
0.219624
0.244862
0.207073
0.756379
0.599938
0.681664
0.295866
0.605225
0.18011
0.146829
0.187284
0.220705
0.330162
0.320732
0.601621
0.129609
0.192441
0.445243
0.382653
0.399047
0.306391
0.206138
0.109736
0.0332863
0.21102
0.388116
0.144426
1.46122
0.210511
0.357493
0.245887
0.633225
0.763636
0.184557
0.269249
0.155849
0.264822
0.319419
0.248568
0.491616
0.631783
0.277931
0.409091
0.460895
0.28187
0.351375
0.267208
0.134161
0.429977
0.0243797
0.185825
0.552861
0.536532
1.13844
0.631706
0.31851
0.497495
0.289149
0.23759
0.428477
0.584828
0.217174
0.385693
0.245973
0.234501
0.36097
0.245962
0.342071
0.263988
0.187745
0.320262
0.315861
0.380884
0.34247
0.749266
0.441832
0.283642
0.28217
0.641175
0.323411
0.201023
0.373572
0.3243
0.156417
0.353329
0.509344
0.405027
0.370013
0.63848
0.301036
0.204465
0.239009
0.529022
0.172582
0.153262
0.234848
0.538858
0.58818
0.524292
0.108565
0.318076
0.168407
0.876979
0.261337
0.430938
0.238627
0.406937
0.314786
0.812667
0.643785
0.812613
0.199672
0.346681
0.175881
0.0996955
0.174186
0.34882
0.75001
0.416424
0.198431
0.160117
0.661742
0.225153
0.161082
0.537569
0.501519
0.298404
0.417797
0.0928283
0.5138
1.0827
0.295247
1.4897
0.385609
0.229739
0.32161
0.266361
0.866755
0.27281
0.312747
0.311761
0.178921
0.163644
0.504839
0.336373
0.714356
0.274582
0.209322
0.232962
0.250183
0.283792
0.314761
0.600592
0.410577
0.300555
0.385157
0.636924
0.375303
0.37261
0.121553
0.096289
0.464333
0.317342
0.419852
0.231072
0.182342
0.3101
0.282823
0.371677
0.556813
0.177609
0.428201
0.503505
0.160681
0.244305
0.393998
0.240983
0.43319
0.205337
0.159696
0.477143
0.114613
0.303786
0.509189
0.243102
0.312421
0.524078
0.846289
0.326728
0.730055
0.117928
0.236245
0.189055
0.574092
0.232981
0.368264
0.242333
0.421052
0.176931
0.511648
0.187599
0.550452
0.341583
0.389639
0.262815
0.333215
0.258838
0.190325
0.733253
0.149443
0.492866
0.565255
0.290875
0.151577
0.301517
0.219616
0.385166
0.928511
0.357352
0.336746
0.22284
0.335681
0.249581
0.281762
0.106853
0.266388
0.103005
0.209211
0.197386
0.246383
0.258902
1.47616
0.325596
0.18213
0.597625
0.229988
0.297075
0.368649
0.365053
0.852877
0.820902
0.96725
0.782848
0.384522
0.236726
0.238336
0.227962
0.365992
0.809442
0.363532
0.450511
0.690359
0.3012
0.603171
0.445892
0.423389
0.203349
0.0148987
0.190599
0.175798
0.247773
0.86286
0.281211
0.320034
0.566989
0.235389
0.824937
0.276204
0.366467
0.311253
0.289643
0.509047
0.432257
0.0970473
0.220672
0.608528
0.193227
0.246672
0.46551
0.487432
0.279549
0.18558
0.314331
0.284108
0.019348
0.673985
0.230804
0.585224
0.0969089
0.226753
0.235762
0.686911
0.183088
0.296601
0.354489
0.325577
0.585907
0.239817
0.575485
0.590884
0.178562
0.183065
0.0125817
0.562669
0.249381
0.405668
0.125889
0.531955
0.615333
0.455385
0.228392
0.170057
0.210064
0.436692
0.311403
0.18048
0.420123
0.170033
0.206036
0.233005
0.483
0.28693
0.196861
0.405889
0.281426
0.259706
0.476471
0.440132
0.555639
0.686546
0.369092
0.391272
0.313471
0.196892
0.305511
0.554455
0.380324
0.204663
0.375045
0.549164
0.848974
0.252663
0.345594
0.238917
0.454223
0.816312
0.601271
0.353296
0.329223
0.277127
0.371162
0.210873
0.529909
0.349626
0.311333
0.177539
0.216971
0.138915
0.182089
0.660156
0.375299
0.400077
0.327577
0.28117
0.302215
0.199597
0.254725
0.411352
0.302802
0.519088
0.639433
0.223698
0.552373
0.238711
0.139005
0.212596
0.27762
0.54812
0.175357
0.541671
0.514594
0.653276
0.122196
0.647499
0.758329
0.406374
0.165131
0.608698
0.332846
0.499196
0.636383
0.21755
0.373222
0.181986
0.404728
0.185528
0.229332
0.168162
0.297005
0.20261
0.398777
0.495198
0.427022
0.23293
0.279895
0.118063
0.447551
0.485623
0.683274
0.324481
0.591654
0.493872
0.235142
0.2089
0.890112
0.883955
0.262766
0.204844
0.15517
0.289622
0.592789
0.204922
0.37083
0.661904
0.253577
0.533939
0.400344
0.235995
0.300617
0.130771
1.22617
0.243948
0.0776957
0.472515
0.388031
0.184661
0.366278
0.280932
0.30276
0.0318653
0.512997
0.211299
0.159485
0.11385
0.798122
0.388822
0.0920551
0.223311
0.199499
0.262533
0.420976
0.326451
0.246143
0.333562
0.160978
0.0639689
0.16777
0.729147
0.0910748
0.266383
0.558643
0.302591
0.720618
0.139454
0.0999425
0.277448
0.480014
0.393559
0.309219
0.344424
0.49321
0.185221
0.214053
0.28834
0.57148
0.207464
0.293737
0.100098
0.486667
0.126763
0.647415
0.788445
0.298703
0.15313
1.04582
0.233026
0.571027
1.25438
0.194978
0.278196
0.146354
0.17047
0.398101
0.311846
0.252507
0.278629
0.276638
0.273766
0.520903
0.165702
0.257237
0.639119
0.205932
0.400516
0.209806
0.244164
0.55999
0.203018
0.266369
0.431701
0.691778
0.263325
0.332144
0.276676
0.243897
0.206316
0.312838
0.164314
0.42995
0.0443332
0.201007
0.142825
0.187482
0.226286
0.338721
0.479147
0.68918
0.657102
0.270504
0.294144
0.650451
0.168425
0.284667
0.36156
0.229812
0.149729
0.688243
0.310237
0.505733
0.383968
0.218984
0.245229
0.277447
0.287643
0.291829
0.339359
0.196798
0.648153
0.269036
0.255275
0.389654
0.288916
0.623802
0.698535
0.380718
0.488149
0.395436
0.535486
0.377921
0.592012
0.0958946
0.182399
0.230394
0.432627
0.307019
0.252547
0.232017
0.20134
0.560784
0.240998
0.113167
0.14574
0.199381
0.593317
0.165806
0.379508
0.365813
0.180555
0.217232
0.682996
0.25547
0.457744
0.593236
0.203697
0.0709798
0.228506
0.495659
0.331897
0.400401
0.238002
0.541353
0.590077
0.589979
0.12925
0.443857
0.538995
0.3331
0.0734629
0.452604
0.230721
0.334313
0.223133
0.211672
0.459833
0.146344
0.434167
0.175161
0.64048
0.374147
0.263407
0.457807
0.187254
0.263374
0.390745
0.366201
0.318915
0.246025
0.313821
0.220618
0.180383
0.221984
0.750205
0.403483
0.0188738
0.390056
0.289586
0.237008
0.304771
0.422495
0.174838
0.223258
0.498944
0.216743
0.505497
0.326328
0.331037
0.34529
0.995241
0.445986
0.477372
0.136669
0.0069618
0.563011
0.184091
0.0400949
0.23507
0.274869
0.509115
0.171919
0.282388
0.173965
0.371049
0.316777
0.179993
0.157397
0.347306
0.145021
0.309451
0.102741
0.480497
0.431024
0.304754
0.186173
0.255028
0.683014
0.460178
0.191744
0.487641
0.233715
0.203787
0.49881
0.327888
0.168419
0.678807
0.599846
0.208082
0.500823
0.395042
0.196726
0.528283
0.0981177
0.91979
0.349365
0.320476
0.231221
0.526567
0.30374
0.513577
0.501615
0.148803
0.123555
0.356968
0.157378
0.0911511
0.3903
0.460586
0.236674
0.288176
0.351476
0.0351975
0.198317
0.266312
0.589784
0.318295
0.431005
0.277563
0.301699
0.878361
0.642031
0.461282
0.894515
0.00249011
0.456766
0.169169
0.287003
0.114789
0.623819
0.237043
0.500193
0.140946
0.364563
0.854483
0.259831
0.00792482
0.10597
0.296172
0.304111
0.0843287
0.332194
0.060376
0.279702
0.334587
0.288936
0.202781
0.670322
0.55718
0.327196
0.257728
0.485418
0.295581
0.363541
0.236217
0.191041
0.746095
0.314926
0.22684
0.236585
0.172549
0.181685
0.218445
0.192082
0.427648
0.368448
0.0992848
0.0670362
0.164902
0.24709
0.449983
0.141364
0.57561
0.277334
0.666133
0.323811
0.190044
0.437791
0.403472
0.361047
0.329262
0.354735
0.564859
0.578565
0.302156
0.348687
0.75795
0.14232
0.22765
0.212871
0.262553
0.492
0.0396843
0.249077
0.725707
0.27008
0.117322
0.512682
0.447344
0.283628
0.131429
0.290812
0.27183
0.0935407
0.403743
0.51906
0.900206
0.563276
0.232611
0.0160579
0.376196
0.332094
0.237975
0.225468
0.377434
0.0681696
0.810975
0.351013
0.219545
0.385485
0.152831
0.0912936
0.362837
0.478273
0.493971
0.378293
0.260712
0.293232
0.393419
0.255286
0.0316606
0.351689
0.0736361
0.155268
0.422417
0.562455
0.302991
0.20874
0.402273
0.489891
0.234326
0.301977
0.258911
0.207984
0.614502
0.182672
0.718112
0.161335
0.124951
0.214879
0.172178
0.254792
0.288445
0.296097
0.307875
0.332983
0.375423
0.259807
0.201604
0.107074
0.306389
1.15338
0.45685
0.540989
0.464987
0.258424
0.341165
0.309501
0.274934
0.67988
0.412056
0.21829
0.558824
0.15917
0.465688
0.448329
0.347746
0.556293
0.420936
1.09211
0.510953
0.351683
0.175087
0.437023
0.362595
0.250241
0.272143
0.3214
0.160991
0.148319
0.474161
0.298851
0.112321
0.434613
0.427352
0.489896
0.551151
0.164565
0.0796172
0.728432
0.487463
0.15776
0.268723
0.0508559
0.219534
0.514473
0.29188
0.248341
0.132275
0.368963
0.31288
0.546921
0.371821
0.334681
0.285637
0.334243
0.202365
0.231166
0.278544
0.263055
0.524547
0.480896
0.159093
0.349134
0.265637
0.311377
0.554758
0.415567
0.129966
0.423813
0.402786
0.328667
0.331235
0.236552
0.12472
0.0824996
0.188975
0.475641
0.22724
0.280852
0.26554
0.623744
0.31602
0.118624
0.299864
0.442092
0.385227
0.162338
0.40278
0.681044
0.239438
0.207235
0.144541
0.359478
0.268624
0.291407
0.191805
0.177557
0.487695
0.924882
0.104983
0.469642
0.281593
0.458639
0.26193
0.485712
0.33754
0.068378
0.199705
0.290655
0.527546
0.298656
0.217165
0.211871
0.488891
0.138137
0.288168
0.310752
0.234969
0.061905
0.481533
0.0483174
0.393765
0.215283
0.232548
0.416963
0.158589
0.37472
0.469961
0.18266
0.357459
0.269694
0.073899
0.164591
0.982813
0.0263814
0.422938
0.496387
0.259509
0.296567
0.221398
0.252118
0.241447
0.287854
1.0615
0.182042
0.176814
0.275464
0.450856
0.114746
0.412814
0.245631
0.224814
0.326207
0.155951
0.280378
0.178417
0.116372
0.573978
1.40089
0.551133
0.388309
0.428309
0.350874
0.34351
0.216469
0.138263
0.139871
0.202502
0.781374
0.238877
0.174707
0.309919
0.457064
0.451184
0.41036
0.443937
0.706495
0.15854
0.260823
0.151487
0.404331
0.256715
0.129276
0.148704
0.291235
0.391859
0.416901
0.551518
0.224588
0.221439
0.267402
0.380693
0.325327
0.409636
0.343029
0.326348
0.18207
0.207774
0.199604
0.517819
0.380679
0.247995
0.694298
0.546754
0.301795
0.44549
0.219879
0.269022
0.407408
0.548136
0.230804
0.348793
0.536294
0.431442
0.039103
0.00200438
0.154099
0.275192
0.378136
0.223532
0.630463
0.663104
0.163477
0.48461
0.308991
0.289238
0.407289
0.241656
0.298473
0.486856
0.443387
0.393849
0.503993
0.462069
0.364691
0.173173
0.23651
0.326157
0.348861
0.494168
0.217588
0.17878
0.183287
0.683601
0.375985
0.156624
0.190387
0.272129
0.680202
0.391234
0.478429
0.221638
0.137523
0.683363
0.66822
0.432293
0.216193
0.193129
0.126939
0.143525
0.286178
0.543153
0.476919
0.388837
0.410488
0.278257
0.246561
0.315147
0.275336
0.314413
0.17668
0.218672
0.310753
0.0229062
0.671549
0.525995
0.233964
0.275332
0.198129
0.205495
0.274357
0.298656
0.377801
0.314644
0.417663
0.0378267
0.247624
0.261832
0.364893
0.221367
0.365445
0.374856
0.261195
0.414797
0.162657
0.426616
0.0759479
0.0973958
0.281814
0.251713
0.563118
0.230088
0.146904
0.441676
0.517561
0.14758
0.354761
0.118808
0.323035
0.211464
0.277589
0.111432
0.132725
0.535881
0.630886
0.233411
0.160583
0.107767
0.234374
0.638188
0.228337
0.353839
0.406565
0.607849
0.485943
0.373029
0.341076
0.213281
0.172078
0.454686
0.480633
0.222562
1.06338
0.40694
0.183864
0.159486
0.56308
0.357167
0.385251
0.52226
0.47738
0.233058
0.313208
0.199384
0.391734
0.670082
0.138419
0.386468
0.126214
0.264185
0.16792
0.441708
0.647541
0.286178
0.246722
0.211021
0.258558
0.625234
0.444709
0.247418
0.13819
0.111503
0.324051
0.126818
0.220296
0.419631
0.280011
0.296582
0.129289
0.886265
0.506714
0.324299
0.195516
0.241627
0.6344
0.519235
0.231142
0.351952
0.195773
0.407425
0.280602
0.723442
0.312772
0.263187
0.198685
0.692855
0.358005
0.21237
0.408147
0.296244
0.145769
0.289057
0.208135
0.313934
0.120627
0.112773
0.412058
0.559145
0.267714
0.424944
0.386122
0.248011
0.172238
0.110317
0.302182
0.138623
0.372352
0.147311
0.431454
0.24923
0.249706
0.313568
0.172447
0.46533
0.0636073
0.0133092
0.321076
0.132457
0.358381
0.77083
0.738065
0.127933
0.164731
0.572553
0.217316
0.20429
0.317338
0.162311
0.554567
0.375481
0.170474
0.192167
0.152696
0.179134
1.19487
0.407152
0.122834
0.249726
0.270082
0.209743
0.281327
0.376485
0.30057
0.160266
0.0977243
0.137288
0.284184
0.116998
0.419479
0.364631
0.229386
0.489249
0.14398
0.112567
0.133017
0.321033
0.169484
0.142994
0.0267355
0.320433
0.451108
0.336899
0.410255
0.148886
0.280445
0.154133
0.53593
0.631845
0.0942901
0.276173
0.51976
0.122251
0.668851
0.319391
0.185536
0.244523
0.288844
0.151319
0.304607
0.141002
0.254036
0.160457
0.354727
0.200564
0.207137
0.325021
0.468602
0.0641788
0.0818632
0.115662
0.271902
0.404606
0.196074
0.170452
0.13875
0.161895
0.254532
0.315417
0.364305
0.302711
0.15774
0.137657
0.416448
0.182966
0.174608
0.292227
0.178735
0.327141
0.315345
0.161745
0.116869
0.0470582
0.293081
0.410768
0.447701
0.0800742
0.400789
0.358976
0.260738
0.380715
0.169822
0.251179
0.3126
0.506061
0.319762
0.348177
0.418236
0.13732
0.433319
0.143105
0.229341
0.496959
0.442602
0.49513
0.310007
0.272551
0.343803
0.500065
0.173354
0.160756
0.155573
0.31427
0.53024
0.191832
0.130268
0.219448
0.20688
0.193356
0.427211
0.170557
0.19296
0.188212
0.409837
0.468724
0.279917
0.311163
0.167693
0.101225
0.428802
0.234199
0.471213
0.156641
0.681382
0.306882
0.54843
0.277786
0.0945535
0.210882
0.352755
0.369667
0.158109
0.0745658
0.255122
0.219576
0.201111
0.410077
0.131483
0.249565
0.107413
0.674233
0.17457
0.143089
0.470098
0.118272
0.150707
0.453329
0.544757
0.263036
0.31765
0.277661
0.387912
0.165053
0.369961
0.363101
0.258382
0.203
0.107873
0.136063
0.315345
0.384489
0.290381
0.151247
0.298672
0.323972
0.151237
0.268375
0.370245
0.879614
0.346635
0.813261
0.0474732
0.229993
0.379372
0.249765
0.231014
0.0880126
0.797383
0.385175
0.118738
0.294007
0.413878
0.319593
0.226262
0.67878
0.291571
0.126455
0.36295
0.184402
0.437984
0.695502
0.14435
0.457033
0.244167
0.254247
0.594524
0.304687
0.161008
0.212304
0.00410515
0.34177
0.561024
0.285331
0.226553
0.543086
0.637169
0.139669
0.607493
0.390876
0.256634
0.546036
0.15085
0.50504
0.630313
0.253211
0.148959
0.296579
0.161011
0.267868
0.491554
0.428333
0.205144
0.383538
0.440494
0.326173
0.175876
0.132999
0.18507
0.330567
0.436669
0.421508
0.63855
0.205447
0.257362
0.252406
0.00159599
0.0576251
0.482828
0.266646
0.0583445
0.346252
0.429573
0.23613
0.216442
0.149499
0.487897
0.491161
0.226487
0.137915
0.487575
0.530949
0.212465
0.162394
0.301512
0.236339
0.536125
0.299818
0.0703707
0.0877863
0.0633982
0.336783
0.0622659
0.167848
0.566621
0.0949716
0.593871
0.361659
0.612876
0.460253
0.736645
0.580337
0.37275
0.121935
0.894994
0.431929
0.0726725
0.0894934
0.151129
0.426246
0.229253
0.125801
0.141516
0.52835
0.565403
0.617504
0.688129
0.553664
0.133279
0.11067
0.347297
0.297344
0.0830822
0.0519919
0.147861
0.181802
0.453356
0.427215
0.368633
0.316976
0.379908
0.58316
0.462219
0.164514
0.309568
0.130235
0.231126
0.573137
0.169429
0.181872
0.491572
0.325867
0.276204
0.570615
0.519062
0.365942
0.219191
0.163432
0.154062
0.0820689
0.290991
0.308348
0.0939195
0.273703
0.329932
0.387182
0.0805762
0.148309
0.239887
0.210376
0.084806
0.12219
0.662463
0.232996
0.607691
0.58515
0.169048
0.434056
0.32708
0.330535
0.349947
0.535103
0.194295
0.186287
0.436088
0.237349
0.327245
0.138677
0.0950157
0.211314
0.232327
0.174549
0.375146
0.0813103
0.20498
0.377632
0.503946
0.221844
0.218709
0.433175
0.248585
0.146548
0.28575
0.121875
0.108209
0.342668
0.0989607
0.10671
0.144863
0.432602
0.0124054
0.417882
0.182651
0.346627
0.285502
0.283695
0.395539
0.143718
0.284889
0.245894
0.248149
0.125073
0.350419
0.151098
0.180909
0.285541
0.363504
0.247569
0.114387
0.696123
0.173449
0.284858
0.264954
0.204798
0.421026
0.376851
0.177068
0.148143
0.207356
0.162017
0.454356
0.119475
0.225462
0.131854
0.160396
0.0967328
0.340362
0.382783
0.40454
0.41256
0.305378
0.132898
0.43292
0.36095
0.458852
0.188002
0.188648
0.518563
0.179278
0.366002
0.802137
0.624876
0.299848
0.61378
0.153944
0.324115
0.26448
0.326839
0.23535
0.277365
0.428166
0.392271
0.418231
0.284798
0.182181
0.613585
0.00239992
0.205894
0.101786
0.264876
0.713863
0.163329
0.161621
0.157062
0.372719
0.148384
0.213278
0.270287
0.127084
0.448031
0.10918
0.27128
0.227103
0.223518
0.293061
0.456011
0.298429
0.17866
0.312712
0.399233
0.363449
0.10443
0.27318
0.177151
0.437001
0.764402
0.143025
0.134717
0.475823
0.204529
0.259791
0.220684
0.222141
0.285574
0.316768
0.205224
0.365889
0.218497
0.689395
0.310927
0.316658
0.211233
0.390576
0.223881
0.378938
0.223057
0.397829
0.406842
0.176511
0.177426
0.22929
0.18513
0.344567
0.340426
0.180257
0.215094
0.14107
0.262536
0.147072
0.499728
0.422661
0.25847
0.582904
0.26219
0.289162
0.173547
0.392034
0.350543
0.172798
0.15222
0.21188
0.129015
0.126812
0.125764
0.180743
0.180457
0.051531
0.0039505
0.130666
0.487967
0.292095
0.116698
0.423249
0.397648
0.774759
0.376072
0.226759
0.19591
0.198097
0.2857
0.40067
0.0485435
0.325156
0.726349
0.241988
0.239045
0.271498
0.351883
0.1851
0.545223
0.389004
0.253599
0.225155
0.122113
0.364381
0.374014
0.206832
0.363663
0.192327
0.280413
0.579339
0.593264
0.266305
0.777358
0.1662
0.377524
0.3845
0.336823
0.504465
0.187545
0.574076
0.473832
0.164655
0.303685
0.245234
0.707351
0.29671
0.439644
0.118553
0.1623
0.209837
0.204198
0.118452
0.206636
0.295934
0.182307
0.178232
0.105756
0.482046
0.065559
0.411911
0.121725
0.346169
0.269447
0.280937
0.370509
0.388247
0.428672
0.451642
0.179724
0.730913
0.286568
0.392063
0.272439
0.277254
0.222586
0.447644
0.198109
0.396102
0.271283
0.250859
0.476047
0.785052
0.273589
0.0681813
0.153672
0.574087
0.0708891
0.267873
0.41528
0.421032
0.152776
0.00203504
0.190484
0.101067
1.21257
0.663432
0.456217
0.272022
0.222286
0.385717
0.274761
0.494012
0.876408
0.203449
0.20215
0.598009
0.15934
0.706903
0.298746
0.131309
0.461966
0.111858
0.195681
0.356781
0.71681
0.208437
0.232046
0.132886
0.331655
0.227931
0.123745
0.171738
0.206721
0.112753
0.222648
0.291251
0.402621
0.120736
0.119707
0.405275
0.187312
0.0725603
0.129844
0.360821
0.249062
0.322735
0.138912
0.489874
0.022299
0.328802
0.275785
0.254769
0.322788
0.333104
0.540513
0.175658
0.832285
0.0964066
0.192486
0.590038
0.224914
0.234075
0.377211
0.275791
0.124007
0.235828
0.178907
0.112815
0.267904
0.239292
0.0583794
0.154581
0.351979
0.896843
0.239057
0.146097
0.00623963
0.42529
0.590147
0.224386
0.0502969
0.110745
0.200057
0.373709
0.194098
0.591688
0.209723
0.141752
0.0692365
0.226505
0.357203
0.610666
0.244338
0.123237
0.279568
0.702172
0.00100634
0.640281
0.156599
0.290173
0.0840768
0.14285
0.219005
0.48442
0.101569
0.115757
0.201788
0.341047
0.124457
0.493864
0.36464
0.0589194
0.402838
0.0978917
0.425948
0.129669
0.282548
0.222389
0.211517
0.400961
0.288263
0.462955
0.195085
0.395978
0.786051
0.0659183
0.24633
0.13611
0.167008
0.391624
0.264392
0.398761
0.137307
0.373704
0.216686
0.885119
0.314408
0.411822
0.222494
0.161962
0.344311
0.287026
0.243011
0.376845
0.437608
0.208323
0.273473
0.434952
0.370314
0.526675
0.1728
0.445763
0.655975
0.2048
0.107075
0.779435
0.206808
0.345547
0.119294
0.24152
0.440487
0.233621
0.171127
0.0954024
0.121877
0.501501
1.06273
0.255204
0.306021
0.535911
0.205325
0.16959
0.620749
0.0559396
0.204855
0.252851
0.358527
0.345556
0.257799
0.762275
0.165102
0.228009
0.153393
0.438931
0.501521
0.337355
0.190872
0.461018
0.441779
0.153111
0.152649
0.169209
0.268937
0.373952
0.0770906
0.150181
0.366626
0.506261
0.236142
0.264034
0.288184
0.140668
0.420591
0.0860309
0.211173
0.201049
0.186211
0.0592805
0.267907
0.235395
0.226245
0.83194
0.195527
0.357261
0.524581
0.212138
0.380312
0.491793
0.296228
0.366153
0.340963
0.252859
0.242768
0.0706008
0.452518
0.162177
0.229098
0.119813
0.340683
0.139275
0.352018
0.108015
0.160029
0.153376
0.247014
0.00937414
0.0910153
0.225929
0.338169
0.211345
0.438317
0.582028
0.412158
0.682316
0.162075
0.268017
0.398977
0.232208
0.184577
0.149178
0.449656
0.312714
0.440808
0.237084
0.173857
0.34934
0.150525
0.195032
0.101048
0.240595
0.22068
0.330602
0.236576
0.370043
0.151516
0.127417
0.218338
0.28036
0.116783
0.495408
0.253558
0.50605
0.184619
0.614664
0.470054
0.0320843
0.144635
0.420203
0.268355
0.151861
0.201717
0.792235
0.133708
0.255222
0.116488
0.556125
0.300683
0.3438
1.24839
0.381758
0.13707
0.244779
0.200591
0.498714
0.390434
0.203727
0.154259
0.158384
0.0134303
0.12804
0.087023
0.0642082
0.132088
0.270068
0.782641
0.362838
0.0527907
0.390276
0.113899
0.264945
0.149884
0.0960725
0.391656
0.156841
0.507944
0.189668
0.219764
0.628613
0.415541
0.400569
0.479365
0.306219
0.43247
0.213914
0.192413
0.139086
0.233139
0.197891
0.407581
0.0908166
0.14521
0.473644
0.241513
0.226557
0.11047
0.078355
0.239127
0.116926
0.184038
0.461373
0.149262
0.14493
0.253031
0.357131
0.22739
0.196397
0.290634
0.227252
1.09541
0.207664
0.346292
0.151168
0.095457
0.077898
0.466818
0.314639
0.278038
0.266156
0.104689
0.419564
0.566586
0.0935463
0.274333
0.105031
0.163816
0.215916
0.344845
0.361772
0.236357
0.130594
0.698956
0.155125
0.0434978
0.442444
0.3251
0.267304
0.139417
0.0934873
0.0967768
0.117251
0.293915
0.571367
0.180897
0.39937
0.298812
0.105384
0.112652
0.325556
0.588082
0.162452
0.208192
0.144203
0.14985
0.243438
0.100063
0.453542
0.178187
0.922983
0.57671
0.345935
0.095777
0.179804
0.140829
0.146496
0.184472
0.127712
0.293172
0.0856707
0.154711
0.155087
0.121779
0.142209
0.162918
0.143349
0.398145
0.529446
0.196333
0.330224
0.473219
0.533918
0.496164
0.851713
0.232163
0.166141
0.446938
0.207268
0.239651
0.172114
0.201766
0.201829
0.22261
0.111335
0.0929762
0.207686
0.335112
0.249882
0.373236
0.467806
0.335335
0.314339
0.221655
0.312981
0.306925
0.372493
0.0670485
0.0617666
0.34266
0.484427
0.0381845
0.390482
0.489197
0.102615
0.451529
0.0847065
0.306514
0.285683
0.37133
0.421103
0.20035
0.165899
0.355655
0.136172
0.146629
0.350977
0.224175
0.421047
0.438682
0.229917
0.352561
0.137568
0.230496
0.298719
0.191516
0.222268
0.121314
0.22445
0.248647
0.0457511
0.0986512
0.241078
0.161063
0.150959
0.425634
0.305428
0.109209
0.648083
0.333228
0.0157129
0.351435
0.228372
0.374082
0.36438
0.537704
0.149431
0.727847
0.147478
0.288497
0.593565
0.117656
0.496228
0.0942194
0.3158
0.228019
0.195497
0.118517
0.227646
0.207518
0.314123
0.260163
0.660596
0.66234
0.430874
0.151525
0.569407
0.599985
0.332544
0.182413
0.69399
0.317343
0.145256
0.143888
0.213842
0.298259
0.338216
0.595038
0.407381
0.279689
0.108965
0.181694
0.171841
0.180525
0.244741
0.424212
0.290572
0.196724
0.504634
0.231353
0.577382
0.277194
0.102127
0.286772
0.135665
0.0783706
0.311219
0.0458568
0.254261
0.242643
0.230031
0.390723
0.322963
0.243486
0.344836
0.487113
0.185001
0.212407
0.160454
0.442575
0.155327
0.694474
0.139078
0.22141
0.135766
0.348441
0.333782
0.137213
0.283051
0.098825
0.441588
0.134534
0.0992304
0.0537519
0.119905
0.125166
0.216409
0.240072
0.225481
0.212785
0.190131
0.125055
0.543357
0.303247
0.0585904
0.350658
0.158544
0.319936
0.153124
0.0251676
0.507595
0.422067
0.557834
0.430906
0.296868
0.277724
0.116814
0.114929
0.305775
0.203554
0.360715
0.764542
0.110813
0.443492
0.3111
0.396375
0.391906
0.556308
0.127962
0.212085
0.136004
0.17263
0.468256
0.196986
0.240976
0.367645
0.165418
0.23187
0.0607988
0.374156
0.164634
0.499237
0.409116
0.229366
0.412934
0.288276
0.445718
0.335916
0.0552489
0.277972
0.303718
0.227944
0.298998
0.0768974
0.0634026
0.278174
0.584857
0.310579
0.182138
0.105094
0.17819
0.240588
0.176216
0.0662655
0.288625
0.218148
0.395496
0.297001
0.262597
0.324264
0.384396
0.184358
0.301666
0.13034
0.682406
0.114032
0.521842
0.306279
0.435596
0.2273
0.382632
0.366802
0.203344
0.301968
0.289067
0.349021
0.419693
0.612667
0.483448
0.138106
0.358382
0.526662
0.247661
0.19131
0.42151
0.493533
0.136203
0.345282
0.205034
0.125284
0.0968143
0.250013
0.423256
0.436603
0.390374
0.307111
0.250994
0.283922
0.5989
0.246115
0.140592
0.189035
0.228971
0.469115
0.279247
0.39193
0.643043
0.259587
0.322476
0.131959
0.0473017
0.0370928
0.264166
0.312816
0.358874
0.488119
0.394477
0.662394
0.0873887
0.197527
0.312167
0.0160006
0.272776
0.182142
0.16519
0.400106
0.0724766
0.32382
0.146555
0.21282
0.486927
0.177764
0.0922536
0.370849
0.305795
0.356604
0.266628
0.0749328
0.577384
0.0979484
0.286397
0.218976
0.576807
0.117914
0.303035
0.290546
0.30029
0.304349
0.524221
0.194139
0.132423
0.30082
0.478851
0.549968
0.306746
0.185357
0.191678
0.394472
0.13786
0.152227
0.159564
0.246529
0.107691
0.337242
0.460757
0.114545
0.0737074
0.185741
0.154762
0.197318
0.0475556
0.102512
0.155759
0.0806662
0.267987
0.187539
0.232697
0.542422
0.450985
0.181642
0.207875
0.258034
0.34535
1.4259
0.202581
0.427248
0.0436492
0.0904757
0.949494
0.151568
0.306124
0.372344
0.428918
0.205606
0.252292
0.0730776
0.152702
0.311082
0.138003
0.747237
0.165645
0.182924
0.357983
0.488396
0.281564
0.169858
0.24757
0.130623
0.547024
0.558317
0.579008
0.117837
0.267953
0.122683
0.083587
0.215024
0.43854
0.28186
0.370563
0.682174
0.118689
0.0652971
0.526353
0.08615
0.288331
0.169726
0.344834
0.293996
0.344596
0.277608
0.277829
0.263225
0.305439
0.117657
0.0968055
0.179111
0.0835685
0.20691
0.276401
0.121389
0.121181
0.272333
1.52979
0.26151
0.387295
0.59786
0.431543
0.145014
0.179084
0.335096
0.18998
0.0927911
0.229118
0.195529
0.151181
0.184852
0.095508
0.206254
0.0385101
0.0783819
0.260009
0.323884
0.371401
0.228273
0.227341
0.0943332
0.12475
0.0731417
0.184575
0.507711
0.181638
0.0798023
0.138865
0.289795
0.34758
0.0840821
0.438986
0.242494
0.656762
0.249256
0.249571
0.193875
0.0847758
0.322149
0.611732
0.594642
0.263169
0.0389064
0.220068
0.673767
0.557944
0.195805
0.0957656
0.178993
0.360841
0.343446
0.145966
0.061877
0.278792
0.0763539
0.486324
0.148164
0.170796
0.213526
0.226218
0.293823
0.183374
0.498351
0.234404
0.585356
0.070161
0.19487
0.30853
0.134925
0.22959
0.272091
0.272237
0.396564
0.188247
0.230661
0.22659
0.71596
0.337293
0.231891
0.402335
0.0752189
0.0806487
0.13528
0.411235
0.211585
0.216783
0.176337
0.31793
0.16684
0.137248
0.449141
0.181485
0.0633716
0.174
0.122176
0.440883
0.239605
0.416603
0.448611
0.206919
0.189614
0.20327
0.147716
0.667917
0.110826
0.181717
0.495952
0.261009
0.241083
0.548519
0.519222
0.366442
0.109708
0.289433
0.348867
0.178721
0.102791
0.409799
0.432263
0.127481
0.422255
0.526052
0.394218
0.226085
0.664783
0.0591759
0.1995
0.180085
0.0887929
0.4952
0.177243
0.181455
0.267845
0.197564
0.554214
0.127695
0.142952
0.199937
0.295469
0.242046
0.295292
0.280564
0.140333
0.25561
0.153392
0.131217
0.18237
0.182102
0.0741952
0.297594
0.206024
0.230325
0.578812
0.114468
0.180439
0.1753
0.117587
0.205574
0.234992
0.319133
0.17003
0.2056
0.438767
0.0465946
0.484184
0.174042
0.390886
0.253582
0.282176
0.633035
0.164034
0.216465
0.234629
0.460992
0.402683
0.21703
0.252599
0.203814
0.0695487
0.125761
0.272168
0.158209
0.45149
0.415855
0.507838
0.506346
0.194799
0.146889
0.229761
0.118692
0.172779
0.215604
0.449012
0.389077
0.161503
0.331306
0.147338
0.258907
0.222538
0.356348
0.205453
0.183222
0.787018
0.0956446
0.192065
0.0893207
0.142089
0.353799
0.0667473
0.280916
0.104337
0.186795
0.450773
0.453567
0.143421
0.0804941
0.504037
0.40471
0.305342
0.196255
0.367946
0.181669
0.814897
0.484
0.393032
0.476193
0.130448
0.274085
0.447162
0.0348491
0.39285
0.0518919
0.0911908
0.175297
0.180405
0.481151
0.491438
0.386088
0.324106
0.637956
0.231439
0.605826
0.158914
0.169396
0.109002
0.320148
0.327289
0.25502
0.265009
0.257249
0.23427
0.288444
0.451415
0.470418
0.265105
0.159718
0.493342
0.318845
0.42162
0.0505105
0.333282
0.469008
0.0720063
0.264489
0.420284
0.170232
0.428803
0.338075
0.156758
0.152564
0.145484
0.208319
0.215796
0.0401034
0.101789
0.307682
0.12645
0.271967
0.191116
0.158247
0.348348
0.358246
0.194406
0.387502
0.473773
0.0577293
0.375942
0.260577
0.352371
0.0998116
0.197493
0.169885
0.53182
0.0988308
0.28052
0.28581
0.0154085
0.207701
0.131072
0.0980275
0.240788
0.23566
0.238686
0.11605
0.130221
0.0862119
0.293863
0.0444522
0.501472
0.128923
0.196233
0.126528
0.105269
0.120073
0.75862
0.696429
0.0515869
0.433747
0.281992
0.193214
0.203242
0.528672
0.0875046
0.404685
0.476032
0.694069
0.798754
0.374427
0.200136
0.23759
0.213808
0.105236
0.0909602
0.273002
0.300811
0.219793
0.179182
0.179771
0.245807
0.21229
0.150112
0.209705
0.348708
0.359134
0.137333
0.657176
0.0563947
0.395238
0.262584
0.155523
0.106612
0.483739
0.119486
0.0846763
0.354835
0.20964
0.166318
0.142121
0.155884
0.0596986
0.30162
0.192743
0.358196
0.391515
0.199693
0.358201
0.235647
0.256301
0.334213
0.383039
0.416212
0.270208
0.0744284
0.342452
0.537062
0.165062
0.469895
0.182036
0.598063
0.222935
0.400517
0.233939
0.22612
0.0819111
0.392904
0.315811
0.735263
0.0506332
0.406686
0.215005
0.180041
0.154381
0.0972565
0.254869
0.483307
0.249958
0.192907
0.45302
0.117817
0.163461
0.116108
0.115017
0.174431
0.265223
0.308521
0.218277
0.714316
0.4023
0.153071
0.158182
0.158514
0.147695
0.461336
0.20503
0.263899
0.00508151
0.183077
0.134125
0.227852
0.219295
0.265044
0.549987
0.133149
0.197631
0.236559
0.117426
0.180338
0.372152
0.116454
0.133983
0.127539
0.121699
0.340694
0.537206
0.427623
0.441958
0.365994
0.874577
0.336881
0.408235
0.390505
0.10462
0.363474
0.354256
0.310034
0.112242
0.318283
0.477278
0.399115
0.834984
0.285364
0.371681
0.363244
0.138606
0.376563
0.0199697
0.169905
0.0665422
0.0580781
0.482525
0.281249
0.242368
0.222405
0.304807
0.196374
0.473118
0.491526
0.283639
0.272547
0.249182
0.220536
0.643034
0.230486
0.17289
0.239267
0.302761
0.448058
0.642588
0.686702
0.000748279
0.122191
0.276697
0.118065
0.320251
0.50448
0.424118
0.0915483
0.492345
0.148443
0.229866
0.276358
0.45396
0.443098
0.203913
0.167321
0.334778
0.116727
0.196804
0.250549
0.250425
0.56118
0.168006
0.465458
0.321501
0.504536
0.0750332
0.328619
0.515583
0.137995
0.109313
0.136415
0.366283
0.333784
0.221635
0.153529
0.0364395
0.242468
0.173079
0.61911
0.224213
0.199896
0.171962
0.620305
0.0675419
0.093758
0.229971
0.171935
0.161139
0.294713
0.289411
0.278095
0.150933
0.264321
0.327466
0.137263
0.475586
0.182244
0.257744
0.579658
0.222519
0.216399
0.262527
0.0853425
0.374824
0.17505
0.450866
0.493439
0.483427
0.17959
0.239506
0.522819
0.0921556
0.181524
0.131385
0.0887111
0.285353
0.441217
0.264947
0.393198
0.416748
0.298567
0.114498
0.00334299
0.180683
0.0843967
0.491055
0.126608
0.301776
0.296187
0.100846
0.558764
0.164629
0.506177
0.112568
0.325508
0.173097
0.47689
0.606583
0.330905
0.16709
0.258302
0.63554
0.242516
0.176587
0.249796
0.396896
0.16506
0.491879
0.374327
0.292954
0.182078
0.158826
0.231804
0.378543
0.220098
0.351735
0.466101
0.204948
0.205056
0.598831
0.257685
0.369457
0.281146
0.343378
0.266264
0.376742
0.41756
0.47324
0.348388
0.724436
0.400372
0.105966
0.185093
0.313891
0.223085
0.607448
0.240559
0.136631
0.385768
0.21821
0.149745
0.766245
0.290552
0.306091
0.155696
0.41344
0.432169
0.137626
0.352854
0.259652
0.742035
0.142376
0.259254
0.321179
0.241443
0.0833553
0.254112
0.347367
0.153087
0.146594
0.148415
0.108251
0.381446
0.10435
0.40493
0.0843259
0.1624
0.552103
0.570862
0.199588
0.160007
0.551222
0.115628
0.586394
0.123699
0.0910227
0.133083
0.217256
0.192132
0.114348
0.152877
0.339527
0.525959
0.385415
0.330679
0.411992
0.123516
0.344525
0.382681
0.348664
0.257365
0.143395
0.142288
0.16517
0.257253
0.435065
0.594758
0.425613
0.17902
0.188598
0.149191
0.0593818
0.257171
0.24648
0.225508
0.51904
0.355199
0.494213
0.362459
0.272387
0.309174
0.314539
0.123195
0.16584
0.450546
0.44725
0.352566
0.0924254
0.572571
0.0967166
0.255834
0.234767
0.253701
0.206179
0.176115
0.0419482
0.148345
0.253362
0.625021
0.250048
0.198719
0.180397
0.247923
0.173517
0.177776
0.379352
0.102813
0.169451
0.318815
0.3135
0.421425
0.106661
0.219385
0.129524
0.166688
0.237136
0.29349
0.290485
0.145956
0.137946
0.594609
0.148888
0.248049
0.360253
0.209197
0.472878
0.240806
0.0532265
0.143764
0.0919613
0.176773
0.16361
0.274579
0.132272
0.137808
0.498063
0.454538
0.457244
0.186634
0.240779
0.0702628
0.0977317
0.169482
0.40509
0.259174
0.24871
0.261028
0.262431
0.15036
0.290292
0.126015
0.256302
0.430761
0.114498
0.463352
0.210878
0.464877
0.431343
0.513135
0.26741
0.30781
0.147268
0.260375
0.190791
0.372368
0.21863
0.209259
0.320137
0.498531
0.475781
0.2391
0.249452
0.410698
0.196157
0.258665
0.0908335
0.632948
0.188394
0.416242
0.436318
0.293541
0.308689
0.193011
0.126419
0.24399
0.450694
0.198424
0.117191
0.552253
0.272908
0.079016
0.401805
0.193616
0.284831
0.140916
0.274226
0.201635
0.534675
0.108807
0.312401
0.208921
0.1182
0.140751
0.47214
0.112571
0.378693
0.489058
0.190017
0.2843
0.45128
0.209868
0.58718
0.244469
0.462139
0.161811
0.113625
0.0907331
0.0822568
0.114098
0.539872
0.248592
0.204597
0.212137
0.0812977
0.283834
0.0837631
0.13687
0.515821
0.177307
0.137305
0.381512
0.235147
0.0620582
0.216864
0.162302
0.502038
0.18724
0.294866
0.229243
0.173626
0.13991
0.209942
0.502014
0.287831
0.168765
0.54694
0.372525
0.208531
0.204505
0.167107
0.0965931
0.2437
0.197379
0.0693549
0.243909
0.222773
0.17928
0.238148
0.226026
0.224537
0.309516
0.322125
0.0936777
0.12501
0.0774276
0.238214
0.337516
0.294275
0.20507
0.478119
0.420979
0.364481
0.275201
0.301997
0.355734
0.0513587
0.214897
0.225506
0.305618
0.602732
0.196387
0.427555
0.255695
0.30902
0.32105
0.417653
0.763274
1.31378
0.142051
0.0405323
0.277727
0.456038
0.230312
0.560807
0.109389
0.203772
0.37399
0.0932111
0.525353
0.0747811
0.131081
0.0792946
0.496659
0.649486
0.556873
0.291717
0.535653
0.237358
0.188433
0.52605
0.112511
0.141489
0.258376
0.156798
0.3094
0.471486
0.214769
0.368161
0.0299502
0.368
0.206489
0.343626
0.17963
0.0942907
0.157032
0.348288
0.898447
0.310695
0.324015
0.152146
0.632759
0.0453012
0.181961
0.17158
0.330244
0.479263
0.5458
0.128497
0.0685387
0.292782
0.201417
0.189739
0.434393
0.216387
0.236662
0.135813
0.284359
0.054707
0.156284
0.161662
0.138321
0.272079
0.408247
0.107783
0.212362
0.0761413
0.136534
0.203986
0.23797
0.211323
0.109768
0.345026
0.261472
0.166151
0.508856
0.550214
0.0949676
0.386313
0.321144
0.461234
0.263095
0.39321
0.11412
0.106059
0.438477
0.181498
0.391238
0.327272
0.274908
0.365547
0.292583
1.18598
0.20947
0.3864
0.0683847
0.102293
0.397719
0.0938359
0.273084
0.643103
0.157354
0.397108
0.173013
0.312314
0.0904645
0.113556
0.369519
0.210539
0.394499
0.23533
0.224517
0.373033
0.11064
0.322963
0.147664
0.115869
0.52385
0.236084
0.270928
0.362016
0.196424
0.413913
0.584146
0.195655
0.0333234
0.0582839
0.187671
0.440548
0.171053
0.415947
0.11999
0.132207
0.443947
0.561417
0.288294
0.464875
0.223324
0.151357
0.0770068
0.121874
0.234271
0.251229
0.204831
0.542741
0.390635
0.221005
0.403507
0.171437
0.280277
0.501918
0.255785
0.280279
0.241241
0.195508
0.480066
0.403293
0.187109
0.178699
0.289207
0.388993
0.357395
0.206156
0.490695
0.178147
0.20492
0.28962
0.221683
0.20505
0.15686
0.109901
0.354574
0.507852
0.678012
0.167555
0.185241
0.0578973
0.333533
0.101383
0.316372
0.633875
0.375223
0.147835
0.187802
0.235051
0.441615
0.3563
0.138162
0.486966
0.514682
0.364679
0.17375
0.495263
0.224255
0.120249
0.409114
0.0357614
0.283773
0.286544
0.488285
0.247048
0.438117
0.57164
0.230907
0.21481
0.245724
0.299211
0.63083
0.204971
0.466839
0.167066
0.406485
0.254874
0.403226
0.226093
0.248513
0.283812
0.221216
0.260773
0.406301
0.198475
0.215037
0.377297
0.136963
0.201429
0.343646
0.213896
0.300773
0.40325
0.143688
0.230526
0.205727
0.652394
0.305689
0.282092
0.370625
0.0981701
0.344751
0.330345
0.389415
0.187072
0.455763
0.347108
0.121357
0.377077
0.330287
0.415046
0.187333
0.186212
0.259968
0.344053
0.189542
0.0831788
0.168932
0.259898
0.466899
0.385521
0.4133
0.0893138
0.0783861
0.113524
0.166081
0.385077
0.0638077
0.658557
0.162643
0.342306
0.256557
0.229182
0.186273
0.346721
0.419848
0.192036
0.214106
0.288256
0.12713
0.0978092
0.208207
0.234201
0.0148543
0.26462
0.249367
0.381795
0.39858
0.289223
0.561553
0.176056
0.174005
0.100924
0.115613
0.14937
0.370255
0.111617
0.494324
0.37972
0.398509
0.427933
0.184204
0.301489
0.118957
0.253763
0.0810949
0.410135
0.0607815
0.35095
0.116501
0.0962386
0.0674814
0.0369896
0.308593
0.525626
0.225775
0.197149
0.253911
0.112036
0.0897005
0.193919
0.16285
0.190809
0.128217
0.447527
0.5439
0.553806
0.263944
0.254374
0.113592
0.128259
0.0181065
0.292763
0.20325
0.203706
0.344224
0.343186
0.326571
0.427756
0.438755
0.452891
0.592633
0.219567
0.198314
0.115529
0.283151
0.268911
0.173738
0.367871
0.0934314
0.218336
0.29189
0.131889
0.0970733
0.569906
0.309243
0.340017
0.167476
0.196319
0.37489
0.129226
0.451
0.202253
0.103178
0.37635
0.00230927
0.151878
0.29388
0.206547
0.228075
0.172699
0.0525538
0.131796
0.0571029
0.176942
0.170537
0.362957
0.201269
0.453497
0.16665
0.437492
0.26348
0.133793
0.477246
0.26198
0.136222
0.197557
0.367227
0.254132
0.596237
0.44422
0.146239
0.42172
0.161468
0.573572
0.14086
0.229973
0.23379
0.266003
0.201658
0.281601
0.734973
0.277795
0.189145
0.469451
0.209743
0.243297
0.198242
0.385212
0.216584
0.178209
0.389522
0.466249
0.14062
0.455773
0.32065
0.667449
0.221419
0.284474
0.101465
0.320557
0.0659285
0.267204
0.211876
0.263851
0.229121
0.260893
0.273284
0.0965856
0.21706
0.417546
0.560338
0.0416415
0.131999
0.255541
0.285839
0.397526
0.161605
0.156386
0.303143
0.519352
0.219588
0.32721
0.0528994
0.0576828
0.228726
0.246632
0.346858
0.962716
0.191877
0.0463387
0.151332
0.525132
0.224343
0.179701
0.42116
0.183132
0.462319
0.405317
0.167096
0.255884
0.197416
0.462198
0.271594
0.0916104
0.157247
0.18329
0.239886
0.473152
0.35982
0.29748
0.230599
0.217908
0.18793
0.624852
0.403207
0.180264
0.211609
0.487561
0.394101
0.295527
0.41648
0.371331
0.380812
0.105416
0.081458
0.227709
0.140152
0.573443
0.200602
0.27773
0.0866794
0.260285
0.406066
0.261865
0.114892
0.19437
0.102166
0.145958
0.318413
0.206914
0.131797
0.271408
0.219671
0.13007
0.188067
0.292538
0.43325
0.136703
0.305243
0.0199932
0.270753
0.195825
0.607002
0.201974
0.494669
0.24969
0.112257
0.763393
0.145826
0.154835
1.0002
0.244031
0.379457
0.609333
0.219312
0.376266
0.207873
0.330052
0.256564
0.10512
0.271708
0.261461
0.154682
0.483208
0.165489
0.157929
0.341113
0.354026
0.437656
0.471547
0.266746
0.0844457
0.269744
0.308232
0.15642
0.129032
0.144318
0.559686
0.235453
0.0991996
0.125442
0.161774
0.148151
0.536124
0.124755
0.242072
0.25297
0.128805
0.0524078
0.200885
0.289381
0.14633
0.323174
0.319786
0.150344
0.170909
0.145208
0.250536
0.338786
0.169772
0.451801
0.17691
0.147284
0.312751
0.282275
0.168187
0.951459
0.227656
0.0723989
0.230853
0.147801
0.375747
0.186499
0.0662355
0.457948
0.418572
0.554054
0.267956
0.132952
0.198323
0.552631
0.6349
0.519917
0.125455
0.164868
0.155952
0.270759
0.12387
0.330909
0.438857
0.239331
0.126412
0.20031
0.22134
0.606929
0.477733
0.352133
0.143014
0.460107
0.187311
0.37521
0.249534
0.309599
0.675825
0.526234
0.0651952
0.237495
0.191456
0.152697
0.217859
0.519839
0.172189
0.247972
0.496869
0.215352
0.579947
0.525326
0.145652
0.15025
0.139626
0.242862
0.987222
0.273497
0.031883
0.352513
0.375925
0.355517
0.364203
0.388174
0.188185
0.288715
0.366964
0.169031
0.1108
0.295307
0.246208
0.361752
0.596927
0.57934
0.150046
0.54515
0.277708
0.28386
0.319822
0.439681
0.487834
0.152867
0.127974
0.143471
0.669259
0.197906
0.43483
0.196528
0.548011
0.0793822
0.308976
0.131998
0.263924
0.149319
0.20106
0.139469
1.01499
0.244986
0.343058
0.40523
0.256522
0.173801
0.266609
0.163004
0.591895
0.448524
1.02058
0.098751
0.233716
0.142162
0.186228
0.534142
0.306696
0.321091
0.240547
0.121584
0.110915
0.347041
0.430427
0.498598
0.237994
0.612615
0.183961
0.329981
0.246124
0.360381
0.0982907
0.178866
0.548934
0.553027
0.0850744
0.164178
0.275288
0.0660578
0.130861
0.23658
0.28006
0.364444
0.250917
0.154853
0.491357
0.184524
0.422238
0.376097
0.417241
0.124661
0.241677
0.248137
0.19304
0.358446
0.204421
0.702964
0.186538
0.136252
0.441616
0.131783
0.0985485
0.335214
0.186088
0.269029
0.122525
0.266684
0.242811
0.189383
0.293501
0.22427
0.182781
0.248771
0.221125
0.348835
0.131151
0.209995
0.317468
0.41087
0.137393
0.692204
0.127122
0.101905
0.0971019
0.185889
0.289291
0.262886
0.0651191
0.750291
0.0983525
0.178796
0.519349
0.21492
0.248345
0.385573
0.203906
0.327525
0.177495
0.600182
0.150978
0.268128
0.38877
0.164818
0.109511
0.143971
0.103856
0.369517
0.323329
0.278497
0.575971
0.300696
0.412783
0.12026
0.164572
0.190801
0.270946
0.384994
0.3077
0.148369
0.58617
0.0811332
0.10045
0.402143
0.720216
0.288918
0.486837
0.128343
0.32133
0.373639
0.232438
0.49047
0.242444
0.294795
0.0978646
0.212868
0.620003
0.282061
0.238176
0.19517
0.448484
0.150264
0.155219
0.187722
0.184864
0.28043
0.0956646
0.0956351
0.360473
0.113574
0.418144
0.51177
0.266078
0.0331268
0.156506
0.368474
0.0658397
0.354788
0.162389
0.0356308
0.231175
0.123268
0.374721
0.410944
0.0432144
0.637312
0.0599076
0.125813
0.474474
0.413843
0.156038
0.2387
0.720246
0.152119
0.329974
0.339264
0.139018
0.131479
0.229097
0.244735
0.335477
0.0592357
0.189606
0.598605
0.0530091
0.165928
0.135579
0.360555
0.140842
0.122315
0.560497
0.160655
0.16227
0.223287
0.442696
0.10079
0.105733
0.183609
0.13345
0.219765
0.390857
0.108888
0.162901
0.261205
0.286211
0.656937
0.277869
0.42908
0.651319
0.145395
0.45563
0.155454
0.43181
0.333491
0.426436
0.17554
0.50662
0.415366
0.52171
0.145484
0.482714
0.234444
0.475096
0.498582
0.322333
0.139509
0.255675
0.410538
0.0587935
0.471002
0.150321
0.174547
0.236263
0.115682
0.594126
0.12397
0.256827
0.270653
0.424688
0.348995
0.0977787
0.0900722
0.537847
0.130432
0.407019
0.130041
0.315494
0.48186
0.300262
0.198535
0.185069
0.299931
0.141212
0.12959
0.647381
0.451492
0.0725708
0.461732
0.546094
0.0466384
0.275409
0.0737832
0.375473
0.228493
0.0794306
0.391164
0.141788
0.285587
0.106875
0.432858
0.343663
0.26552
0.0922828
0.355745
0.243142
0.220539
0.130015
0.113577
0.428315
0.0535646
0.217493
0.169032
0.66997
0.245741
0.179744
0.219768
0.272189
0.133262
0.254882
0.0821918
0.0742544
0.38522
0.130687
0.40985
0.232165
0.164184
0.348688
0.215695
0.15942
0.415683
0.234197
0.300956
0.102885
0.787178
0.0855807
0.28681
0.22832
0.401342
0.378271
0.0207333
0.207338
0.500945
0.535312
0.530804
0.226492
0.28779
0.47556
0.445033
0.158551
0.648274
0.347462
0.142319
0.393389
0.13171
0.132751
0.162198
0.49698
0.106871
0.424105
0.307487
0.117334
0.489407
0.148516
0.226739
0.267833
0.33384
0.589087
0.188243
0.669156
0.342346
0.296942
0.085583
0.0873127
0.156949
0.234227
0.0103769
0.477707
0.143678
0.307598
0.272858
0.460392
0.174012
0.182101
0.502337
0.126708
0.213027
0.157384
0.406813
0.192807
0.10909
0.132527
0.124168
0.172662
0.185387
0.522418
0.397536
0.328758
0.311021
0.174394
0.16717
0.118427
0.162892
0.147913
0.183575
0.573197
0.0943757
0.153674
0.188319
0.701921
0.316888
0.205095
0.439574
0.557337
0.191081
0.265301
0.540547
0.494896
0.452738
0.216049
0.275515
0.117346
0.117996
0.11828
0.271928
0.231177
0.183788
0.189375
0.126765
0.0980064
0.181059
0.124682
0.277129
0.0500824
0.358321
0.341735
0.433233
0.283707
0.460052
0.239273
0.0874685
0.286181
0.190197
0.339837
0.466268
0.229963
0.246128
0.505876
0.412773
0.207479
0.31695
0.0651584
0.343512
0.302306
0.215149
0.222493
0.171005
0.174038
0.537149
0.183145
0.350261
0.428698
0.212227
0.0786391
0.341529
0.186162
0.0475402
0.186601
0.104315
0.34181
0.279823
0.304479
0.25906
0.384493
0.280066
0.190798
0.639547
0.482896
0.348833
0.250261
0.332252
0.222194
0.415269
0.273637
0.375144
0.746991
0.236408
0.246737
0.314218
0.0756583
0.272566
0.14497
0.14991
0.255164
0.230301
0.169908
0.451626
0.424174
0.323123
0.307562
0.129357
0.293585
0.268665
0.259556
0.381897
0.215635
0.389303
0.394788
0.973577
0.20172
0.13094
0.0498256
0.11672
0.281001
0.256637
0.274044
0.168297
0.0521512
0.310395
0.181016
0.475704
0.297758
0.174773
0.462122
0.301801
0.167531
0.139006
0.324454
0.22624
0.305675
0.442122
0.219422
0.687755
0.112186
0.0810833
0.0363145
0.159477
0.268556
0.166398
0.573496
0.554933
0.378962
0.0844747
0.301213
0.631317
0.236286
0.538265
0.176809
0.578787
0.181596
0.222733
0.579371
0.132219
0.514348
0.261211
0.450144
0.300375
0.262284
0.339936
0.0979414
0.253363
0.559607
0.0875003
0.294098
0.494245
0.329256
0.163889
0.351204
0.445317
0.134488
0.530492
0.166203
0.0784415
0.257113
0.226147
0.158309
0.175211
0.0314546
0.140607
0.199981
0.142948
0.101098
0.176119
0.137973
0.34237
0.111746
0.18176
0.0950027
0.355833
0.152044
0.595068
0.386484
0.118259
0.206624
0.238007
0.216833
0.465774
0.551097
0.189964
0.25912
0.146343
0.259114
0.132183
0.649764
0.0692842
0.319426
0.122647
0.28383
0.12183
0.201137
0.231149
0.0964043
0.211391
0.149864
0.147652
0.238799
0.544936
0.429554
0.15612
0.346866
0.524908
0.22259
0.261802
0.16959
0.524859
0.148271
0.641821
0.330727
0.426263
0.221361
0.358247
0.314221
0.814012
0.142554
0.0981699
0.358449
0.233015
0.606009
0.0837126
0.118022
0.644475
0.244754
0.332494
0.113359
0.371034
0.11743
0.276761
0.200181
0.199024
0.208541
0.217819
0.163139
0.291627
0.346498
0.259877
0.182525
0.503733
0.190292
0.247182
0.210188
0.299654
0.0783806
0.372402
0.322365
0.42604
0.06091
0.628807
0.343255
0.10643
0.328135
0.198478
0.44283
0.268844
0.48784
0.220754
0.179587
0.26295
0.479128
0.203985
0.386719
0.238723
0.262358
0.133283
0.116239
0.0154193
0.107231
0.357373
0.386552
0.194773
0.042785
0.129887
0.213429
0.0931151
0.0868288
0.200363
0.134361
0.347318
0.159049
0.131065
0.121498
0.266658
0.0322778
0.351616
0.30019
0.412489
0.363968
0.255136
0.0115109
0.363999
0.380691
0.45031
0.143757
0.00467936
0.190608
0.208928
0.693695
0.397647
0.277143
0.38977
0.340842
0.161894
0.928798
0.392704
0.0668114
0.335395
0.0915999
0.219876
0.304784
0.345999
0.214534
0.126007
0.483867
0.177929
0.108573
0.146216
0.192082
0.336249
0.207036
0.115377
0.126313
0.107476
0.31158
0.0508964
0.338101
0.212274
0.240714
0.419195
0.115585
0.260867
0.258707
0.238297
0.335652
0.115233
0.157857
0.514451
0.00206966
0.336345
0.190572
0.756528
0.611786
0.108722
0.111409
0.209951
0.334191
0.600803
0.178461
0.186931
0.322273
0.186871
0.308772
0.214829
0.333592
0.186507
0.414921
0.162661
0.513421
0.376162
0.574761
0.192815
0.0431202
0.178326
0.514181
0.229797
0.390754
0.266813
0.288097
0.502486
0.302575
0.166221
0.591843
0.20223
0.209922
0.616522
0.334815
0.188957
0.287997
0.377575
0.297372
0.290144
0.0218652
0.287399
0.097947
0.414394
0.234567
0.335006
0.202948
0.0335375
0.382135
0.190774
0.0469251
0.315388
0.634227
0.570026
0.187691
0.232744
0.346988
0.370764
0.639131
0.187774
0.266298
0.0782398
0.100597
0.504882
0.4455
0.171334
0.481645
0.0938746
0.339522
0.424145
0.0497148
0.61328
0.295901
0.114125
0.0991439
0.531391
0.224829
0.935967
0.217322
0.556054
0.498412
0.162609
0.179411
0.248791
0.698484
0.261905
0.592254
0.184891
0.407091
0.389299
0.201976
0.459796
0.280405
0.208119
0.777878
0.218061
0.107544
0.224491
0.0999499
0.417312
0.833185
0.422554
0.220209
0.154829
0.491166
0.250967
0.237916
0.344984
0.094843
0.308075
0.302162
0.773721
0.0879573
0.332149
0.293342
0.121277
0.466654
0.142409
0.0802909
0.163927
0.319538
0.194869
0.102398
0.157389
0.114782
0.0951208
0.299529
0.281551
0.107512
0.184673
0.346517
0.389137
0.0920263
0.353239
0.340219
0.280935
0.0451182
0.194977
0.326858
0.257838
0.642711
0.253269
0.14252
0.379806
0.15942
0.809347
0.266157
0.172155
0.487969
0.569397
0.234569
0.233415
0.123381
0.511754
0.328042
0.109462
0.20485
0.424308
0.398446
0.127824
0.19477
0.222713
0.109067
0.405284
0.173557
0.235142
0.752944
0.141646
0.215578
0.342095
0.155032
0.214704
0.487593
0.251171
0.108849
0.188153
0.246158
0.373876
0.413517
0.495983
0.388319
0.167802
0.145897
0.527732
0.103168
0.285536
0.118811
0.132143
0.251389
0.186257
0.164198
0.233483
0.244788
0.32438
0.075293
0.14289
0.589081
0.16328
0.49543
0.185026
0.337042
0.216867
0.107821
0.254553
0.346325
0.377965
0.249897
0.388274
0.630384
0.286813
0.111642
0.154458
0.376217
0.289742
0.600157
0.40214
0.198274
0.116606
0.00538768
0.351253
0.240669
0.150677
0.64808
0.274757
0.0556615
0.14484
0.210091
0.441974
0.200169
0.166634
0.917091
0.00174438
0.160801
0.200614
0.189533
0.337244
0.324454
0.656367
0.281122
0.121478
0.179308
0.228625
0.401252
0.960599
0.580449
0.00804141
0.18632
0.218722
0.812959
0.457031
0.166391
0.236337
0.188344
0.117798
0.253413
0.355443
0.174992
0.37873
0.189792
0.177587
0.0622837
0.185917
0.143658
0.245597
0.280168
0.300217
0.502949
0.0611688
0.270239
0.120337
0.29847
0.220139
0.309615
0.117588
0.291817
0.228134
0.337486
0.143581
0.133475
0.17464
0.507134
0.138952
0.139608
0.364199
0.272817
0.403793
0.104947
0.298675
0.082761
0.146963
0.385
0.444892
0.184997
0.140315
0.14901
0.319801
0.308366
0.263245
0.147323
0.517082
0.21192
0.167026
0.227542
0.265136
0.23384
0.156845
0.213232
0.13893
0.136018
0.503095
0.00363127
0.711116
0.112372
0.486796
0.336942
0.0887714
0.213463
0.215071
0.297745
0.214078
0.471364
0.228317
0.210834
0.413572
0.147196
0.527857
0.382265
0.232484
0.47921
0.266452
0.00021963
0.77828
0.307646
0.588581
0.239121
0.187838
0.072215
0.399516
0.342575
0.103044
0.12622
0.262763
0.391909
0.274997
0.326793
0.171409
0.273326
0.158882
0.270901
0.336354
0.179625
0.193212
0.0357283
0.201748
0.327131
0.0746651
0.481524
0.06139
0.127119
0.0558255
0.431548
0.281503
0.459998
0.150973
0.375299
0.15528
0.106971
0.195559
0.152173
0.0543016
0.40499
0.0906598
0.348192
0.113102
0.168527
0.334664
0.28454
0.382815
0.0104054
0.208189
0.0947163
0.470629
0.264095
0.236607
0.363152
0.374326
0.21456
0.0943081
0.127136
0.297073
0.0949569
0.306221
0.0938696
0.207703
0.0631191
0.131307
0.0867189
0.40002
0.57529
0.231648
0.411351
0.34903
0.32433
0.31843
0.561193
0.362549
0.238261
0.478826
0.289889
0.144031
0.172399
0.165934
0.288746
0.739764
0.529549
0.302789
0.0755916
0.466893
0.510672
0.199692
0.416628
0.393496
0.368404
0.551993
0.258403
0.148897
0.31644
0.165769
0.160207
0.282296
0.156453
0.25564
0.176959
0.705399
0.152209
0.374709
0.176243
0.114524
0.520323
0.812874
0.226184
0.142158
0.116098
0.49284
0.456548
0.205296
0.152887
0.24563
0.252529
0.0933139
0.218449
0.17683
0.284584
0.32792
0.421828
0.196623
0.0672755
0.158285
0.17161
0.325538
0.284461
0.0700284
0.698027
0.146749
0.403185
0.181596
0.224918
0.145264
0.150732
0.695611
0.223446
0.344203
0.674677
0.106696
0.210116
0.253814
0.2336
0.536648
0.125494
0.553849
0.0761711
0.148753
0.236503
0.16489
0.685359
0.724562
0.594232
0.344742
0.176623
0.12725
0.128559
0.133475
0.190785
0.120252
0.683067
0.578395
0.087309
0.190232
0.409084
0.698415
0.239615
0.322807
0.337727
0.332082
0.811787
0.258644
0.314032
0.0910201
0.30572
0.224601
0.151359
0.182616
0.0358959
0.268762
0.115682
0.653635
0.129267
0.19917
0.171131
0.247764
0.150134
0.15144
0.117937
0.151156
0.135915
0.155802
0.310328
0.0659001
0.127039
0.0668161
0.0354707
0.531116
0.52883
0.155784
0.187446
0.208778
0.37358
0.47019
0.0612518
0.162869
0.122999
0.377002
0.191109
0.426642
0.499492
0.308471
0.562168
0.241599
0.356549
0.507904
0.358043
0.409631
0.214744
0.113993
0.624888
0.338696
0.276763
0.474526
0.915165
0.452283
0.230495
0.257116
0.099268
0.911552
0.0920588
0.638501
0.283167
0.222393
0.135986
0.164663
0.357671
0.140041
0.0490943
0.149497
0.292065
0.176585
0.459836
0.294588
0.251263
0.34859
0.147338
0.142374
0.233277
0.201947
0.225771
0.336476
0.166572
0.0947471
0.14381
0.50047
0.423219
0.216942
0.513702
0.100493
0.229649
0.265922
0.1795
0.122509
0.135926
0.31916
0.159249
0.130994
0.513237
1.09628
0.137671
0.177328
0.179635
0.246823
0.579583
0.126715
0.155031
0.113185
0.116445
0.245433
0.112279
0.178807
0.385386
0.157421
0.144586
0.421869
0.423232
0.48859
0.10894
0.118306
0.135582
0.380404
0.0692647
0.102939
0.158373
0.388746
0.0806598
0.268334
0.153482
0.414853
0.156473
0.111926
0.0451245
1.18439
0.475427
0.291702
0.456791
0.633791
0.173283
0.327181
0.0583514
0.178156
0.16776
0.382742
0.472625
0.112845
0.317048
0.150549
0.236047
0.309247
0.348973
0.223979
0.190284
0.225235
0.289451
0.107966
0.237081
0.11951
0.223927
0.661676
0.143966
0.220816
0.207115
0.17196
0.582834
0.389888
0.397602
0.4138
0.528854
0.317216
0.182063
0.49137
0.193797
0.195451
0.0890589
0.163787
0.138571
0.353242
0.317185
0.0224887
0.289042
0.24344
0.287064
0.155688
0.148276
0.256094
0.281988
0.795171
0.237014
0.578083
0.106203
0.224041
0.265615
0.203363
0.146977
0.313471
0.282127
0.218904
0.1537
0.258075
0.706896
0.19271
0.462158
0.272288
0.177191
0.146924
0.383357
0.262566
0.425036
0.106023
0.155957
0.584965
0.181534
0.156374
0.364111
0.295225
0.139337
0.581245
0.231441
0.109503
0.139795
0.127371
0.318338
0.155473
0.134309
0.258804
0.386191
0.0775741
0.245445
0.232696
0.325448
0.146079
0.21586
0.379861
0.198322
0.171392
0.195922
0.136772
0.331576
0.129569
0.365168
0.143386
0.141114
0.116141
0.483136
0.284155
0.0669189
0.547563
0.228237
0.207297
0.137384
0.311867
0.131349
0.344359
0.662545
0.148249
0.331771
0.242775
0.121835
0.386244
0.236947
0.117127
0.520775
0.31951
0.173498
0.296522
0.246005
0.348219
0.252878
0.0713959
0.49093
0.106318
0.469254
0.356723
0.200701
0.249148
0.194499
0.0982282
0.329325
0.879804
0.134252
0.171686
0.387309
0.375644
0.657791
0.639597
0.26132
0.444487
0.246019
0.346868
0.369912
0.292664
0.280286
0.369156
0.368926
0.369203
0.0952863
0.45258
0.484517
0.355624
0.490758
0.215775
0.487906
0.534429
0.258994
0.32285
0.207439
0.155786
0.743033
0.0993876
0.297566
0.147323
0.169113
0.37355
0.369769
0.272423
0.356505
0.352458
0.4723
0.737609
0.469154
0.291209
0.11956
0.660827
0.322321
0.198771
0.296123
0.1114
0.212807
0.101069
0.447034
0.0982274
0.113856
0.673039
0.129768
0.189776
0.176129
0.00304153
0.647089
0.666593
0.2274
0.138259
0.0920219
0.12071
0.123359
0.190644
0.158759
0.317352
0.174453
0.451285
0.307572
0.405606
0.198155
0.155829
0.345177
0.276635
0.192683
0.866791
0.519334
0.0925242
0.5797
0.214721
0.611798
0.215779
0.28234
0.301465
0.520693
0.374366
0.101404
0.312366
0.504321
0.26738
0.402097
0.158335
0.48531
0.299189
0.215674
0.161659
0.355927
0.202289
0.09188
0.310086
0.562806
0.376916
0.00164972
0.125557
0.289466
0.326044
0.344572
0.29977
0.109138
0.166018
0.0627414
0.177456
0.147354
0.242382
0.249
0.312559
0.472677
0.140157
0.190851
0.222246
0.180949
0.30298
0.134737
0.253933
0.199435
0.493364
0.344205
0.538745
0.188695
0.0430664
0.202218
0.237836
0.459196
0.104635
0.206011
0.222991
0.0684125
0.300464
0.494513
0.466608
0.167223
0.184393
0.291835
0.280589
0.218397
0.140466
0.489572
0.213048
0.232715
0.204038
0.433634
0.13536
0.142585
0.448205
0.20602
0.456958
0.315368
0.081238
0.25453
0.155691
0.449645
0.231315
0.15045
0.108029
0.125784
0.140375
0.113242
0.116312
0.620368
0.0487204
0.103517
0.0426882
0.382417
0.158785
0.157764
0.147539
0.404573
0.167337
0.24541
0.112909
0.551132
0.399321
0.110533
0.222272
0.441802
0.362161
0.345283
0.115758
0.473349
0.18412
0.307046
0.268055
0.227371
0.172717
0.0367393
0.662939
0.0156497
0.0974828
0.153254
0.140402
0.172166
0.163956
0.209158
0.0799772
0.203539
0.336121
0.249761
0.351665
0.119543
0.188478
0.2762
0.118948
0.153989
0.373399
0.109254
0.220271
0.353084
0.247472
0.188503
0.263386
0.548773
0.304899
0.177275
0.187318
0.11174
0.257497
0.09021
0.222662
0.080613
0.586455
0.347909
0.153927
0.374067
0.299055
0.330714
0.121798
0.262034
0.0917032
0.323933
0.207196
0.431031
0.560984
0.175257
0.132081
0.184039
0.116561
0.0938606
0.190591
0.450417
0.257503
0.316615
0.627184
0.0842687
0.381579
0.74136
0.410505
0.0533538
0.127193
0.296141
0.113569
0.112597
0.488604
0.481211
0.0851415
0.376697
0.117319
0.278122
0.254236
0.0961533
0.134345
0.384312
0.127136
0.486136
0.230389
0.260942
0.116018
0.227183
0.313325
0.117272
0.210352
0.265123
0.64605
0.384683
0.329083
0.082782
0.377188
0.161578
0.37672
0.991196
0.205804
0.23211
0.185887
0.172972
0.330318
0.145584
0.239084
0.519291
0.424448
0.490726
0.182741
0.29045
0.209044
0.0755855
0.214439
0.446293
0.162905
0.234028
0.625859
0.376009
0.252259
0.332744
0.437641
0.61514
0.260511
0.266899
0.327764
0.464425
0.264268
0.22767
0.1054
0.318854
0.147658
0.110255
0.17103
0.158883
0.150065
0.0684686
0.0562005
0.284182
0.38863
0.221725
0.139827
0.175064
0.235713
0.3048
0.421499
0.0633108
0.245415
0.252917
0.321525
0.184618
0.194703
0.236175
0.168175
0.23241
0.157192
0.162898
0.0975631
0.155813
0.128298
0.138829
0.342561
0.0671252
0.0993945
0.362305
0.374019
0.216335
0.534716
0.0765081
0.210911
0.259064
0.1211
0.493822
0.145572
0.213537
0.295615
0.402208
0.154015
0.221085
0.136321
0.408717
0.28682
0.486795
0.0506145
0.268882
0.673021
0.249583
0.116005
0.103998
0.208454
0.641735
0.0974462
0.664394
0.487423
0.341189
0.170022
0.110923
0.315169
0.347476
0.319319
0.31436
0.444983
0.0481627
0.185073
0.164127
0.120161
0.295628
0.0992286
0.2149
0.342386
0.244908
0.200964
0.151975
0.114257
0.201019
0.206677
0.177495
0.0645803
0.225381
0.603585
0.813428
0.210404
0.65919
0.569433
0.2219
0.30246
0.207929
0.545564
0.138273
0.290385
0.273221
0.368134
0.407864
0.572084
0.779822
0.0766566
0.108885
0.186679
0.14305
0.23223
0.1156
0.244222
0.165154
0.149597
0.106905
0.280322
0.116779
0.381145
0.15572
0.132492
0.408656
0.138933
0.178996
0.171812
0.331426
0.108888
0.154576
0.0903424
0.33868
0.299489
0.249238
0.0696902
0.222494
0.140221
0.612003
0.380247
0.274175
0.256188
0.458827
0.372494
0.23481
0.0967822
0.18174
0.382593
0.0473236
0.248394
0.201507
0.363402
0.386066
0.215835
0.281951
0.210771
0.138291
0.212994
0.57142
0.637858
0.219171
1.06747
0.331957
0.259864
0.0963809
0.218489
0.451034
0.155176
0.170238
0.474864
0.207044
0.28082
0.0820357
0.143759
0.182293
0.608764
0.357865
0.603435
0.239829
0.286705
0.331112
0.171162
0.600353
0.209253
0.135883
0.175235
0.274165
0.0665306
0.290199
0.46077
0.47155
0.298958
0.174355
0.166697
0.228765
0.0913937
0.218826
0.0821865
0.25435
0.237069
0.150109
0.147419
0.565391
0.201822
0.34888
0.375222
0.369396
0.603972
0.17113
0.281996
0.140271
0.273432
0.283963
0.156074
0.257176
0.46112
0.273441
0.18017
0.123427
0.201114
0.25491
0.037867
0.187412
0.128094
0.267657
0.273366
0.348282
0.37958
0.344784
0.201999
0.321524
0.244379
0.185256
0.384195
0.070582
0.237126
0.202355
0.458185
0.0822814
0.0459085
0.199552
0.208904
0.936229
0.0978293
0.239155
0.462192
0.0615883
0.198873
0.324228
0.341436
0.295185
0.364114
0.31952
0.232536
0.206913
0.301018
0.177177
0.120827
0.214891
0.146131
0.602914
0.0856809
0.0878029
0.125954
0.0859609
0.314871
0.295775
0.566155
0.150345
0.0903685
0.204454
0.325343
0.227084
0.178811
0.263164
0.164414
0.253822
0.29797
0.396082
0.431729
0.42884
0.197791
0.228207
0.27446
0.00884184
0.303154
0.2027
0.292228
0.1813
0.230769
0.606872
0.465898
0.173536
0.116316
0.276096
0.571416
0.609242
0.385237
0.317974
0.219134
0.434752
0.297515
0.182576
0.420581
0.264215
0.593113
0.411367
0.167647
0.6194
0.612599
0.142044
0.183364
0.0757053
0.235178
0.23882
0.234902
0.196629
0.19965
0.555194
0.392664
0.194256
0.27354
0.259309
0.131716
0.19351
0.153108
0.223657
0.262002
0.0936263
0.319227
0.616535
0.18918
0.208367
0.190771
0.189455
0.0973245
0.236886
0.302455
0.35534
0.397182
0.435306
0.215027
0.216595
0.225839
0.491786
0.0151648
0.141329
0.152536
0.439938
0.150453
0.773827
0.120704
0.399543
0.11327
0.131713
0.096107
0.228219
0.566174
0.315711
0.480914
0.0772297
0.559244
0.25595
0.453085
0.245437
0.236485
0.309703
0.477
0.12625
0.259653
0.108232
0.611426
0.257948
0.246053
0.104745
0.211528
0.299863
0.191748
0.346816
0.224452
0.110263
0.15457
0.300758
0.018641
0.244679
0.108733
0.342599
0.411345
0.117709
0.24699
0.21554
0.415254
0.317642
0.294281
0.0749083
0.101864
0.221491
0.141013
0.227465
0.463702
0.342315
0.302462
0.0445404
0.142005
0.110491
0.122023
0.202939
0.228332
0.200678
0.0771453
0.255587
0.119336
0.356976
0.259679
0.509647
0.120073
0.215193
0.299608
0.537066
0.433049
0.0489714
0.210027
0.24887
0.253658
0.572389
0.200828
0.106939
0.223021
0.20958
0.178687
0.311969
0.186726
0.146856
0.156684
0.381293
0.318484
0.111878
0.111948
0.143868
0.104661
0.327258
0.293086
0.233211
0.15211
0.109506
0.160612
0.0934461
0.117845
0.140996
0.43573
0.108477
0.101251
0.420623
0.351874
0.815136
0.564534
0.352821
0.0914837
0.263903
0.146973
0.0934147
0.0491376
0.225811
0.235774
0.199006
0.447085
0.262275
0.540959
0.408893
0.097025
0.22343
0.0791771
0.109543
0.163263
0.106798
0.457947
0.293644
0.300548
0.163491
0.391525
0.178802
0.510566
0.306097
0.325094
0.152818
0.218471
0.451197
0.415794
0.55154
0.507883
0.0508055
0.236605
0.234273
0.24613
0.175128
0.470498
0.209167
0.0938826
0.31739
0.11511
0.161777
0.202567
0.258269
0.388797
0.432981
0.271769
0.147008
0.412918
0.0559946
0.193753
0.259004
0.41645
0.571595
0.17856
0.133354
0.150493
0.118108
0.110612
0.262561
0.25801
0.127488
0.270262
0.219302
0.200964
0.108215
0.123965
0.144476
0.293562
0.207506
0.0594463
0.582697
0.1896
0.133369
0.250772
0.241827
0.285383
0.0890062
0.367798
0.250279
0.0720411
0.225709
0.214911
0.125265
0.431545
0.213142
0.802817
0.200997
0.205914
0.334493
0.339787
0.083952
0.159674
0.239683
0.174702
0.185264
0.376384
0.423795
0.429966
0.322984
0.272867
0.250692
0.127747
0.197615
0.215254
0.0369359
0.222496
