1.08952
0.322868
0.0963329
0.026194
0.39267
0.571034
0.0576213
0.390641
0.105369
0.22783
0.395931
0.317271
0.43387
0.414689
0.651694
0.852009
0.58268
0.4686
0.49299
0.510965
0.247725
0.508243
0.499407
0.431394
0.530783
1.0224
0.305856
0.394161
0.399313
0.348071
0.470684
0.343612
0.183607
0.273626
0.339552
0.413332
0.364841
0.485759
0.407373
0.420385
0.283829
0.1521
0.472414
0.294415
0.235402
0.483758
0.29864
0.319052
0.135952
0.425718
0.245038
0.502104
0.388524
0.296084
0.46031
0.347438
0.329645
0.472736
0.351033
0.423087
0.526064
0.557046
0.438503
0.371364
0.50219
0.540473
0.464878
0.470931
0.491511
0.37952
0.283663
0.287997
0.198822
0.472068
0.410785
0.282175
0.37662
0.339955
0.404097
0.338119
0.197983
0.327158
0.474223
0.507151
0.307037
0.456681
0.44481
0.269498
0.263711
0.386457
0.401485
0.364208
0.43097
0.411702
0.350658
0.564065
0.450629
0.515526
1.06059
0.397417
0.384027
0.462614
0.394324
0.369188
0.262118
0.289556
0.448441
0.460957
0.593785
0.362562
0.428655
0.247439
0.478085
0.422428
0.32174
0.294472
0.446247
0.457319
0.369746
0.43885
0.359548
0.424327
0.32269
0.73966
0.356058
0.367185
0.454988
0.451758
0.305284
0.331136
0.431438
0.315312
0.398641
0.421217
0.435123
0.330654
0.51686
1.01068
0.684248
0.29199
0.44677
0.444941
0.652661
0.485793
0.400769
0.268836
0.432178
0.334509
0.3425
0.391157
0.541474
0.223682
0.352601
0.496251
0.427835
0.284949
0.335793
0.779385
0.468382
0.400518
0.371578
0.189371
0.320603
0.532294
0.432891
0.391828
0.40827
0.481212
0.546265
0.508703
0.696509
0.264244
0.472094
0.383148
0.364267
0.597726
0.535674
0.464904
0.367475
0.356162
0.490265
0.332593
0.509338
0.573619
0.366256
0.581826
0.398084
0.354839
0.415708
0.556741
0.623831
0.4569
0.232319
0.473089
0.419415
0.448317
0.396285
0.342369
0.336308
0.328066
0.32549
0.646973
0.498411
0.601504
0.319405
0.507942
0.336408
0.311498
0.486854
0.399956
0.395264
0.567715
1.37254
0.754227
0.248844
0.986386
0.519184
0.411987
0.220725
0.596146
0.50024
0.27173
0.483738
0.362334
0.581468
0.420324
0.375602
0.290029
0.322498
0.454731
0.390423
0.385441
0.343337
0.308014
0.385919
0.488405
0.412231
0.366328
0.607612
0.424459
0.420588
0.629089
0.348701
0.437381
0.409821
0.620036
0.615911
0.296817
0.493103
0.280412
0.287486
0.332537
0.438139
0.512047
0.397394
0.316232
0.372439
0.574716
0.690007
0.265444
0.2172
0.352798
0.418539
0.377569
0.471326
0.456604
0.158655
0.568486
0.398441
0.322872
0.551156
0.423301
0.318628
0.276863
0.309056
0.445048
0.398685
0.328169
0.299085
0.29114
0.51533
0.38627
0.375474
0.338556
0.178448
0.57683
0.400531
0.448342
0.597771
0.394954
0.470105
0.145322
0.590334
0.290155
0.48128
0.376421
0.484767
0.325326
0.557092
0.33092
0.423991
0.391118
0.436417
0.450957
0.351643
0.372267
0.417669
0.242348
0.466379
0.415969
0.421455
0.352791
0.428406
0.171191
0.234469
0.566715
0.154591
0.468808
0.368261
0.637216
0.376067
0.253493
0.227976
0.520817
0.304953
0.307414
0.308455
0.374138
0.336289
0.470982
0.231943
0.355526
0.454444
0.351084
0.250206
0.187602
0.348242
0.22417
0.584643
0.326599
0.532313
0.757994
0.501186
0.093669
0.452358
0.346123
0.344678
0.385642
0.469862
0.390053
0.569764
0.440445
0.316096
0.475986
0.809079
0.224632
0.890867
0.570138
0.539112
0.396749
0.26038
0.21976
0.224211
0.432696
0.326519
0.419583
0.23168
0.252674
0.568414
0.255506
0.594847
0.528864
0.650672
0.229824
0.421566
0.44931
0.373434
0.434752
0.334305
0.198747
0.236589
0.36827
0.492706
0.469562
0.409527
0.213621
0.388963
0.294809
0.306127
0.399395
0.33498
0.382418
0.443172
0.355839
0.204836
0.281237
0.377986
0.683007
0.194146
0.51882
0.465183
0.385602
0.669692
0.299208
0.360189
0.401902
0.366009
0.504438
0.395248
0.293497
0.478339
0.188433
0.0229723
0.373726
0.417489
0.421676
0.434487
0.476996
0.31809
0.360062
0.536498
0.803703
0.0346912
0.343917
0.337884
0.546434
0.217331
0.297455
0.338928
0.241771
0.386881
0.385466
0.380735
0.221442
0.414678
0.511945
0.24666
0.486329
0.363592
0.273885
0.175112
0.409701
0.414217
0.481332
0.542971
0.190264
0.368753
0.304168
0.537071
0.301474
0.362063
0.212767
0.53739
0.457244
0.0878903
0.214032
0.426262
0.410875
0.525962
0.357767
0.386153
0.388574
0.322891
0.281606
0.38914
0.531856
0.307916
0.35133
0.44408
0.460608
0.337858
0.245297
0.591281
0.374129
0.427394
0.363003
0.270218
0.351097
0.54685
0.298923
0.153176
0.258488
0.355183
0.506935
0.470466
0.282906
0.458159
0.254634
0.299124
0.311701
0.371122
0.347968
0.23004
0.310313
0.344532
0.172106
0.222129
0.403628
0.313787
0.464688
0.327376
0.337412
0.293891
0.356016
0.333925
0.67588
0.431199
0.33062
0.313553
0.444202
0.473442
0.418221
0.394263
0.308069
0.0134537
0.271822
0.502593
0.740116
0.267804
0.496858
0.314018
0.45388
0.264629
0.343622
0.239185
0.641256
0.38563
0.240738
0.341355
0.467392
0.223339
0.38852
0.765445
0.274334
0.434375
0.269487
0.36642
0.487868
0.158097
0.403627
0.250897
0.374479
0.481687
0.569774
0.459043
0.455645
0.627611
0.123546
0.372311
0.421062
0.64952
0.160786
0.353408
0.31048
0.337786
0.326551
0.365584
0.492694
0.464055
0.373128
0.327754
0.346253
0.426097
0.349446
0.282761
0.42701
0.382659
0.397034
0.257649
0.413982
0.0337317
0.396209
0.170874
0.123522
0.44031
0.386862
0.521336
0.502056
0.382672
0.389582
0.431181
0.480764
0.32058
0.554837
0.249905
0.37852
0.383152
0.375612
0.174391
0.272808
0.53153
0.275816
0.0324786
0.266425
0.289905
0.796323
0.402479
0.256113
0.664965
0.0597073
0.194063
0.138868
0.566189
0.460166
0.337686
0.795728
0.075049
0.290803
0.314156
0.217574
0.776192
0.131714
0.27618
0.220918
0.194957
0.319897
0.343178
0.250736
0.273948
0.477566
0.298616
0.204799
0.285993
0.245592
0.431893
0.308646
0.355242
0.453575
0.38073
0.204672
0.346474
0.22486
0.265456
0.365698
0.556338
0.447617
0.241415
0.384578
0.331014
0.338545
0.379568
0.308427
0.336009
0.275331
0.364754
0.501059
0.237815
0.489351
0.643664
0.270987
0.377989
0.244967
0.257787
0.253629
0.431709
0.272488
0.295075
0.50261
0.527193
0.49132
0.255882
0.219083
0.305076
0.276856
0.298848
0.382119
0.573987
0.229186
0.155866
0.579344
0.314581
0.359471
0.318199
0.381514
0.299942
1.17782
0.279006
0.347818
0.36771
0.448747
0.185237
0.106199
0.498635
0.251684
0.564744
0.0710684
0.490102
0.316365
0.206958
1.00027
0.308307
0.315629
0.283381
0.27058
0.30769
0.59353
0.283675
0.351392
0.258684
0.247777
0.52256
0.210327
0.19242
0.436618
0.24084
0.324176
0.30686
0.19773
0.376152
0.407812
0.431638
0.591479
0.115681
0.286874
0.429618
0.150858
0.272474
0.309704
0.127234
0.273297
0.3065
0.402466
0.347398
0.443195
0.366108
0.466447
0.91599
0.323634
0.594141
0.264035
0.513083
0.32398
0.293486
0.285271
0.378556
0.273346
0.829152
0.631345
0.315251
0.259775
0.244238
0.265378
0.0705131
0.346755
0.421413
0.298881
0.368501
0.381065
0.413063
0.348406
0.298175
0.100891
0.190981
0.177702
0.363307
0.299057
0.399306
0.307541
0.163369
0.168028
0.606193
0.283418
0.475092
0.323639
0.282104
0.136529
0.275868
0.271891
0.277894
0.198584
0.330982
0.40572
0.216497
0.309617
0.240797
0.204037
0.171143
0.536645
0.510243
0.47462
0.0950602
0.324547
0.513749
0.597071
0.113109
0.418555
0.294899
0.0736829
0.179657
0.378516
0.144471
0.241115
0.13874
0.377788
0.211776
0.198338
0.160341
0.287162
0.0781237
0.778486
0.23117
0.419295
0.0126172
0.28792
0.307083
0.380992
0.165948
0.59414
0.529143
0.248875
0.701099
0.428765
0.224153
0.290676
0.336809
0.322628
0.0794773
0.189794
0.297331
0.211303
0.271132
0.359316
0.111524
0.499216
0.341275
0.458818
0.48766
0.316147
0.178839
0.230823
0.215954
0.249827
0.171035
0.489552
0.188014
0.371622
0.294999
0.228584
0.29087
0.405099
0.0315225
0.194915
0.23296
0.0394031
0.140056
0.0709596
0.235847
0.257213
0.322883
0.0535322
0.210959
0.304624
0.880124
0.310419
0.507369
0.442687
0.436882
0.441107
0.589991
0.172617
0.398827
0.246677
0.231111
0.367003
0.869567
0.642654
0.378268
0.274819
0.258641
0.266654
0.229901
0.238627
0.220774
0.504498
0.48966
0.177112
0.317739
0.102205
0.150179
0.273544
0.29141
0.301609
0.183171
0.148116
0.301747
0.215552
0.485753
0.371103
0.183819
0.29421
0.573823
0.408731
0.33772
0.308436
0.342102
0.363865
0.448958
0.355961
0.135892
0.734886
0.515796
0.283874
0.284514
0.366181
0.309601
0.496001
0.441195
0.108487
0.164214
0.306023
0.56356
0.455088
0.282281
0.287799
0.38893
0.21762
0.317014
0.24487
0.421507
0.160306
0.274796
0.313756
0.157473
0.352504
0.115985
0.257723
0.122847
0.22736
0.266009
0.412893
0.320849
0.388208
0.471346
0.505996
0.295033
0.287037
0.136689
0.227561
0.512381
0.115986
0.185745
0.128145
0.520527
0.324394
0.530421
0.340533
0.207919
0.034809
0.282631
0.331147
0.164414
0.726047
0.195142
0.0292549
0.0596023
0.207193
0.258913
0.317654
0.238892
0.324305
0.357458
0.337215
0.423067
0.406076
0.305143
0.214319
0.524156
0.300836
0.350564
0.169466
0.0753825
0.133627
0.427387
0.21145
0.300715
0.319311
0.490697
0.244542
0.440672
0.322499
0.184811
0.266161
0.375462
0.301249
0.284117
0.118578
0.553765
0.222698
0.0985542
0.147583
0.225633
0.343006
0.291825
0.187303
0.135576
0.155454
0.598642
0.356067
0.241758
0.183732
0.385061
0.301042
0.107586
0.213138
0.301934
0.361273
0.0946612
0.336328
0.209452
0.278454
0.360759
0.370944
0.23548
0.261512
0.209944
0.285908
0.149119
0.308365
0.030531
0.192865
0.121537
0.397411
0.554752
0.249172
0.210663
0.592986
0.276227
0.288386
0.149588
0.294419
0.320516
0.229982
0.162949
0.374932
0.269401
0.295298
0.351218
0.114311
0.304424
0.245149
0.252182
0.210328
0.0383054
0.0192641
0.258684
0.24668
0.283516
0.488315
0.292086
0.383662
0.23451
0.32876
0.446466
0.114382
0.430975
0.31379
0.395294
0.204349
0.306174
0.358662
0.232315
0.223311
0.202475
0.269243
0.478589
0.355922
0.315949
0.292852
0.301884
0.424219
0.528091
0.272976
0.280433
0.315622
0.303522
0.211654
0.114795
0.344635
0.211563
0.16398
0.253752
0.422314
0.283978
0.171793
0.263348
0.27759
0.130878
0.305164
0.517242
0.326572
0.342501
0.284643
0.00306248
0.0220995
0.300199
0.383743
0.191935
0.654232
0.250651
0.261772
0.393519
0.46148
0.384335
0.329593
0.319605
0.36919
0.199504
0.403519
0.31924
0.44645
0.400873
0.177117
0.400191
0.26478
0.239692
0.353519
0.322748
0.257105
0.57649
0.121316
0.432952
0.0317861
0.388082
0.090514
0.0211593
0.324583
0.301585
0.551455
0.497487
0.214177
0.318833
0.361314
0.35312
0.401271
0.296225
0.311185
0.119413
0.311599
0.208837
0.246929
0.226091
0.0856113
0.224621
0.422515
0.362484
0.608996
0.342881
0.792184
0.614719
0.290245
0.212001
0.196647
0.282327
0.332718
0.0772936
0.221458
0.302749
0.429637
0.356199
0.241834
0.268841
0.499624
0.363746
0.370199
0.230978
0.394042
0.0932469
0.220458
0.0245424
0.216966
0.145412
0.231901
0.211172
0.188057
0.295714
0.527084
0.543432
0.364164
0.249366
0.15213
0.202089
0.330926
0.438125
0.557549
0.259825
0.215704
0.438956
0.179627
0.52419
0.0251481
0.000331695
0.367132
0.0758367
0.201341
0.35896
0.372532
0.173894
0.0250883
0.191063
0.234774
0.067118
0.193031
0.232672
0.252951
0.308892
0.162081
0.260979
0.303673
0.298544
0.325485
0.385905
0.340256
0.357565
0.197104
0.310458
0.513071
0.758307
0.915704
0.245001
0.277242
0.301276
0.455237
0.317957
0.168259
0.0958968
0.394852
0.531485
0.368703
0.195183
0.245341
0.263566
0.172944
0.34762
0.218075
0.221739
0.279805
0.42267
0.208613
0.189696
0.334236
0.422615
0.397334
0.0914871
0.256375
0.259745
0.337855
0.257107
0.403246
0.184363
0.252493
0.197561
0.551851
0.187893
0.521909
0.296602
0.643119
0.241565
0.264228
0.214179
0.159116
0.253706
0.133636
0.670144
0.203378
0.161675
0.1537
0.278766
0.074928
0.343573
0.0964393
0.566759
0.373292
0.17522
0.343153
0.0330142
0.297859
0.165031
0.32451
0.209562
0.248615
0.323917
0.413928
0.177821
0.0565354
0.282638
0.365231
0.240249
0.173953
0.432085
0.270035
0.889198
0.412329
0.0928899
0.374311
0.200247
0.27036
0.223929
0.953157
0.333339
0.089361
0.365457
0.394493
0.258815
0.185758
0.265295
0.179027
0.174362
0.289867
0.320323
0.286669
0.271965
0.180549
0.299896
0.0510711
0.11643
0.265085
0.115443
0.206419
0.278501
0.296908
0.301184
0.318342
0.303488
0.0875887
0.10413
0.116259
0.330358
0.36592
0.134884
0.525486
0.244041
0.182814
0.321903
0.117306
0.37202
0.425688
0.280006
0.43686
0.0622301
0.329681
0.287558
0.430315
0.339378
0.0476319
0.0257029
0.705075
0.530412
0.254895
0.32328
0.731374
0.528893
0.268415
0.336682
0.278572
0.196726
0.202629
0.309284
0.303111
0.327218
0.386619
0.0397209
0.223112
0.253471
0.403973
0.102953
0.273289
0.198381
0.177033
0.431812
0.115311
0.299157
0.254928
0.489405
0.403091
0.377242
0.204036
0.278595
0.0758436
0.310287
0.307247
0.575247
0.205076
0.440829
0.275898
0.297625
0.648559
0.427229
0.154378
0.241544
0.160096
0.262843
0.212914
0.371618
0.172302
0.0573196
0.418956
0.293351
0.408957
0.34658
0.290084
0.0373637
0.248263
0.514771
0.250545
0.416002
0.310586
0.169622
0.260936
0.659478
0.288634
0.0393299
0.152924
0.215808
0.286983
0.120999
0.306403
0.102864
0.379781
0.0380046
0.570773
0.321011
0.370561
0.0743702
0.340596
0.301535
0.327723
0.304182
0.174196
0.320297
0.0196633
0.193503
0.442912
0.242988
0.25922
0.338424
0.404496
0.329551
0.132614
0.215258
0.328885
0.392123
0.236616
0.0210663
0.217655
0.301501
0.141865
0.331848
0.289424
0.454719
0.162441
0.355167
0.568157
0.375192
0.419856
0.0902176
0.319218
0.275325
0.0818297
0.30583
0.282015
0.414473
0.229332
0.216213
0.202165
0.919308
0.221083
0.204413
0.377935
0.325327
0.275838
0.0473488
0.51329
0.128998
0.164615
0.108128
0.517046
0.436704
0.290024
0.348253
0.589397
0.306722
0.52151
0.450893
0.41678
0.492992
0.121449
0.392767
0.209994
0.224005
0.339771
0.320084
0.20562
0.172925
0.234254
0.197971
0.226311
0.164522
0.692049
0.271195
0.181638
0.200711
0.352252
0.278659
0.106293
0.366322
0.459666
0.0606478
0.0624622
0.235806
0.431252
0.164677
0.49848
0.33308
0.236377
0.453822
0.467008
0.252793
0.293422
0.254823
0.0831126
0.359868
0.239803
0.255606
0.229447
0.0629316
0.258795
0.361261
0.399936
0.314459
0.229754
0.294421
0.306026
0.600821
0.694111
0.216595
0.137421
0.330187
0.113235
0.175862
0.394725
0.331714
0.109698
0.395804
0.383202
0.119619
0.223057
0.0375143
0.320757
0.197017
0.202119
0.24014
0.278451
0.0340893
0.386402
0.162085
0.359375
0.310217
0.0729804
0.269753
0.251804
0.200422
0.440928
0.193694
0.197948
0.188933
0.00313008
0.179031
0.278
0.359732
0.195012
0.402187
0.553943
0.280054
0.220135
0.0352431
0.275056
0.30416
0.0972474
0.176699
0.119728
0.382277
0.342932
0.116653
0.201456
0.389548
0.258643
0.417526
0.155464
0.00530675
0.138986
0.192595
0.788924
0.201954
0.308162
0.140837
0.164158
0.289091
0.361656
0.332614
0.0236343
0.500773
0.274497
0.30428
0.112277
0.279515
0.438635
0.251259
0.236437
0.159132
0.309012
0.207927
0.227234
0.469674
0.275353
0.258609
0.193145
0.298114
0.0687273
0.253173
0.0618096
0.453274
0.477994
0.319918
0.370178
0.466163
0.22009
0.273194
0.859934
0.311488
0.24227
0.0826927
0.260812
0.231835
0.0211847
0.302475
0.414411
0.367522
0.198292
0.256209
0.467734
0.462611
0.437329
0.486735
0.49123
0.276642
0.0460366
0.232264
0.31291
0.280522
0.313626
0.484429
0.103735
0.193585
0.305374
0.325327
0.449986
0.199826
0.314133
0.134901
0.128227
0.215969
0.32068
0.431382
0.361232
0.149832
0.279273
0.0161819
0.105879
0.369336
0.135088
0.318461
0.346536
0.185791
0.685548
0.411182
0.27994
0.0596077
0.28593
0.0640867
0.407275
0.211775
0.344534
0.183048
0.0782817
0.439741
0.181552
0.286377
0.216948
0.248043
0.11529
0.101969
0.168832
0.357907
0.545477
0.358705
0.550818
0.155345
0.23988
0.180711
0.261255
0.0265676
0.282824
0.437216
0.043679
0.308645
0.128229
0.138534
0.265745
0.0550759
0.177418
0.200789
0.486335
0.147404
0.330861
0.394217
0.276495
0.358925
0.232758
0.0513987
0.181336
0.382435
0.0862869
0.243354
0.393605
0.549986
0.328016
0.303149
0.190077
0.371546
0.0500538
0.191798
0.212161
0.170999
0.125237
0.237409
0.556404
0.323706
0.342598
0.139382
0.2326
0.229542
0.308398
0.384056
0.20289
0.201424
0.298339
0.0960821
0.17584
0.398995
0.186828
0.210525
0.380671
0.259251
0.214903
0.422622
0.202727
0.3673
0.352166
0.0688921
0.285449
0.17855
0.3308
0.337062
0.436117
0.0186538
0.314421
0.123481
0.261824
0.176285
0.374035
0.0677871
0.531115
0.255097
0.328924
0.38367
0.435384
0.302395
0.294593
0.342815
0.138579
0.320058
0.17585
0.341446
0.425315
0.205346
0.240506
0.271491
0.403856
0.294461
0.305347
0.296546
0.336466
0.0182536
0.196253
0.519121
0.131319
0.206996
0.346013
0.310562
0.370518
0.344878
0.174241
0.365844
0.285951
0.212293
0.0962061
0.248883
0.0908127
0.399101
0.198873
0.0205184
0.211917
0.30683
0.256784
0.247735
0.27728
0.284271
0.188615
0.370158
0.350087
0.084081
0.276315
0.161076
0.295353
0.197969
1.35316
0.197868
0.158939
0.14896
0.315888
0.342207
0.34972
0.0932508
0.064829
0.746258
0.377348
0.366913
0.2338
0.269052
0.208483
0.286321
0.111361
0.3164
0.374905
0.247155
0.304697
0.212123
0.393529
0.325762
0.161205
0.228505
0.440251
0.148815
0.593172
0.20102
0.510911
0.023736
0.278864
0.166925
0.0900822
0.109011
0.220778
0.318884
0.334599
0.415779
0.264693
0.0954708
0.337676
0.225442
0.164977
0.0125235
0.194506
0.242304
0.462664
0.185011
0.394497
0.294571
0.417839
0.209444
0.16056
0.193859
0.117143
0.210953
0.299129
0.505495
0.160723
0.0333603
0.332672
0.366734
0.206674
0.249947
0.247721
0.445885
0.385654
0.308114
0.297278
0.462143
0.182441
0.528952
0.230643
0.44666
0.249893
0.193412
0.362874
0.243082
0.291178
0.289977
0.491129
0.28906
0.281683
0.472697
0.249715
0.292601
0.207443
0.11182
0.398143
0.346012
0.237584
0.00862119
0.195097
0.368547
0.348108
0.17294
0.236299
0.310796
0.2978
0.284792
0.0225273
0.245653
0.40124
0.269032
0.311849
0.210023
0.267181
0.278694
0.262341
0.236928
0.0947178
0.118584
0.22609
0.246598
0.113146
0.149673
0.167993
0.231069
0.276307
0.605657
0.268027
0.224172
0.201195
0.202039
0.312094
0.384841
0.263941
0.0565718
0.206247
0.0735764
0.271084
0.293611
0.309263
0.321543
0.224502
0.122916
0.234948
0.233882
0.13139
0.260209
0.183062
0.410824
0.382364
0.382134
0.194511
0.221775
0.316363
0.218602
0.121851
0.503825
0.219364
0.126453
0.0896271
0.603307
0.0890534
0.470417
0.114532
0.176714
0.575724
0.169109
0.458569
0.482187
0.266375
0.270906
0.388154
0.295619
0.364445
0.260832
0.0979748
0.225756
0.0249352
0.0428921
0.222739
0.312783
0.198649
0.287855
0.549461
0.292581
0.232305
0.177213
0.82107
0.35782
0.19544
0.229746
0.24824
0.0250286
0.563181
0.154455
0.179489
0.464171
0.301373
0.331029
0.380685
0.264612
0.342302
0.178027
0.245161
0.173645
0.230083
0.090005
0.253575
0.432952
0.444998
0.192681
0.194292
0.155969
0.267728
0.418808
0.283757
0.400852
0.226934
0.349283
0.237236
0.0254719
0.200799
0.125851
0.0807361
0.323818
0.135307
0.161815
0.120888
0.0621944
0.0467399
0.281268
0.214846
0.155287
0.321005
0.0278048
0.0415974
0.262491
0.0524669
0.0977991
0.123964
0.365824
0.261661
0.3908
0.195261
0.0518621
0.340821
0.22665
0.226014
0.272134
0.0200223
0.311486
0.452745
0.0165296
0.308622
0.325775
0.0938142
0.27175
0.191221
0.01631
0.268941
0.00356467
0.0257856
0.236859
0.205755
0.191225
0.130505
0.0478466
0.158565
0.260626
0.126444
0.24802
0.199335
0.741838
0.197425
0.0534327
0.262541
0.36938
0.432659
0.0456434
0.253088
0.0535369
0.233542
0.259744
0.270225
0.104751
0.331137
0.0789414
0.532964
0.127737
0.226579
0.415324
0.408279
0.297842
0.0326905
0.173596
0.330853
0.219833
0.171833
0.256567
0.251362
0.261955
0.0644713
0.238673
0.294379
0.288179
0.171196
0.284056
0.0244702
0.107842
0.341027
0.0349023
0.312119
0.12741
0.208837
0.166509
0.204331
0.213176
0.232645
0.0510969
0.194264
0.199692
0.149678
0.225289
0.295305
0.280454
0.0431941
0.237502
0.50278
0.174236
0.12786
0.212168
0.18751
0.697425
0.208188
0.339156
0.337056
0.0745732
0.250418
0.357951
0.394039
0.15036
0.143541
0.290969
0.417848
0.333207
0.255029
0.452737
0.26078
0.216631
0.326354
0.0819372
0.315447
0.197624
0.406872
0.146223
0.149889
0.261092
0.191207
0.441831
0.0834525
0.214343
0.39618
0.399765
0.315527
0.317694
0.276936
0.367473
0.326788
0.246256
0.151852
0.377428
0.178122
0.265762
0.0228681
0.280623
0.338059
0.217555
0.266747
0.212123
0.293129
0.250755
0.0983525
0.477965
0.463177
0.174385
0.0327493
0.423317
0.296061
0.219576
0.46046
0.278669
0.0800142
0.0272923
0.317444
0.0657229
0.296674
0.313813
0.239847
0.20982
0.230306
0.282307
0.216707
0.0179653
0.209924
0.274098
0.277372
0.13353
0.156679
0.356453
0.281693
0.107079
0.279914
0.189779
0.329961
0.394369
0.186499
0.310862
0.240207
0.219409
0.267063
0.251756
0.445254
0.728595
0.215901
0.253992
0.24642
0.21666
0.0550815
0.0998759
0.216981
0.076993
0.155394
0.359531
0.400523
0.272536
0.292103
0.299088
0.281685
0.165315
0.207644
0.107935
0.407512
0.275925
0.335366
0.234978
0.0496158
0.33492
0.0797735
0.138835
0.266171
0.0188505
0.303019
0.0600526
0.33335
0.155884
0.309078
0.169461
0.135011
0.0686258
0.0132485
0.246458
0.283824
0.410833
0.185787
0.0398208
0.187799
0.161375
0.141263
0.463058
0.0218641
0.251304
1.01908
0.116331
0.0181608
0.208818
0.809758
0.153672
0.140067
0.251773
0.732963
0.293085
0.21815
0.552022
0.0370549
0.259816
0.340558
0.511786
0.339769
0.340975
0.202013
0.405425
0.0120859
0.312032
0.160326
0.366576
0.0626767
0.144531
0.342021
0.0592234
0.339619
0.182557
0.159905
0.238378
0.252164
0.192929
0.369508
0.249656
0.0611685
0.26315
0.26773
0.518426
0.325389
0.310546
0.278019
0.624171
0.175313
0.226398
0.224901
0.329318
0.172352
0.132685
0.140655
0.244377
0.145261
0.213386
0.0921441
0.204853
0.0451145
0.258719
0.324084
0.275047
0.104402
0.318894
0.236739
0.32553
0.131023
0.276649
0.201242
0.161722
0.244505
0.347852
0.324296
0.0493473
0.31891
0.0709106
0.134945
0.327613
0.166411
0.0710994
0.404432
0.0355452
0.547704
0.256125
0.312169
0.007508
0.191488
0.0895297
0.218304
0.237496
0.456386
0.181636
0.178025
0.485171
0.49848
0.318527
0.956512
0.162864
0.186225
0.142968
0.328595
0.278338
0.100859
0.111185
0.161998
0.0793213
0.311455
0.380458
0.338335
0.375883
0.036169
0.131478
0.447307
1.10908
0.318352
0.264252
0.186265
0.110236
0.406195
0.310603
0.373175
0.290796
0.48185
0.232033
0.178448
0.190879
0.227801
0.150934
0.63983
0.350471
0.245796
0.211429
0.243429
0.284838
0.366406
0.0756159
0.0673687
0.32245
0.118203
0.1939
0.195742
0.555296
0.178856
0.440543
0.420571
0.0987547
0.0225485
0.000501466
0.0885974
0.324797
0.119652
0.107366
0.134877
0.255725
0.049498
0.12028
0.325953
0.129335
0.212237
0.201077
0.381872
0.240431
0.34933
0.247686
0.239162
0.48264
0.50934
0.264602
0.73311
0.0551135
0.214199
0.337103
0.000382328
0.316123
0.033644
0.271357
0.241637
0.324991
0.216978
0.255925
0.14834
0.0923278
0.368393
0.199844
0.246179
0.0843383
0.376115
0.248546
0.159159
0.180754
0.310772
0.407009
0.294769
0.199092
0.257186
0.318427
0.381254
0.277465
0.0200283
0.367718
0.109233
0.116716
0.114732
0.0717434
0.363278
0.279955
0.313473
0.0127283
0.280185
0.17129
0.396458
0.397719
0.420725
0.227175
0.0530885
0.461858
0.292436
0.2072
0.0730658
0.241968
0.254077
0.234743
0.25701
0.326428
0.141761
0.0845383
0.205888
0.0349882
0.295263
0.287373
0.330369
0.188333
0.295229
0.0452697
0.191392
0.372015
0.352767
0.258316
0.0308394
0.0539839
0.464285
0.167002
0.163642
0.100726
0.412707
0.00471841
0.0384855
0.0146797
0.360789
0.262429
0.259229
0.246042
0.182011
0.191341
0.11845
0.0974833
0.111418
0.38398
0.120333
0.269495
0.0785798
0.094931
0.263668
0.172443
0.195001
0.294602
0.254202
0.213019
0.233911
0.273522
0.0348444
0.274683
0.379906
0.282339
0.425601
0.195323
0.279021
0.230236
0.256574
0.0446582
0.137386
0.345837
0.188315
0.287608
0.151848
0.296678
0.375382
0.388933
0.0981785
0.186974
0.163302
0.0921784
0.171121
0.2572
0.213169
0.23562
0.223034
0.111888
0.0200827
0.0703897
0.181604
0.224666
0.295502
0.0132389
0.246374
0.0911224
0.256783
0.264223
0.228956
0.162276
0.216529
0.419043
0.401873
0.346329
0.105996
0.285443
0.262694
0.0158519
0.388567
0.105416
0.100595
0.147489
0.203153
0.237711
0.135032
0.163061
0.474508
0.117095
0.210383
0.336214
0.049178
0.215224
0.130266
0.245228
0.261646
0.245471
0.189352
0.237916
0.4723
0.532246
0.3318
0.328319
0.116012
0.16677
0.27966
0.0285243
0.236339
0.2883
0.197297
0.183658
0.356335
0.275486
0.154661
0.025088
0.174997
0.236344
0.2668
0.248662
0.121824
0.342228
0.0721346
0.0397808
0.223325
0.313974
0.345499
0.419614
0.018875
0.14056
0.155779
0.145979
0.191549
0.329419
0.200028
0.240321
0.211393
0.496995
0.0197358
0.144518
0.29095
0.10672
0.00991066
0.312318
0.0565025
0.0257907
0.215548
0.288423
0.12197
0.314441
0.0998201
0.526215
0.390215
0.275948
0.129393
0.223646
0.0416881
0.160735
0.248168
0.176895
0.209271
0.100794
0.0041148
0.447519
0.0385564
0.252373
0.140643
0.00147706
0.145774
0.237991
0.412287
0.75894
0.232375
0.0282336
0.00317615
0.107824
0.182485
0.234632
0.230062
0.211749
0.157021
0.163621
0.0488643
0.214726
0.126131
0.0488814
0.636313
0.434497
0.281693
0.148008
0.245049
0.117569
0.218818
0.300071
0.23614
0.00595712
0.199348
0.0533196
0.156746
0.0628899
0.204435
0.176919
0.102698
0.0306718
0.276914
0.13236
0.0582822
0.172669
0.0585777
0.17908
0.327666
0.351991
0.0219151
0.0365024
0.409798
0.222126
0.267837
0.0772028
0.25873
0.16403
0.292603
0.0389801
0.293591
0.221574
0.275426
0.759154
0.11948
0.121823
0.226077
0.0831365
0.337144
0.168496
0.168701
0.228278
0.256942
0.0993885
0.356503
0.046345
0.26339
0.0025523
0.148405
0.113367
0.0209486
0.216173
0.23858
0.219749
0.248095
0.359174
0.17636
0.159001
0.150968
0.211435
0.0775705
0.0820247
0.24512
0.241875
0.176633
0.102088
0.150911
0.436712
0.154612
0.1974
0.0959452
0.00866149
0.0893481
0.232446
0.13936
0.148757
0.205047
0.187576
0.4086
0.194279
0.154067
0.182447
0.12399
0.2626
0.31396
0.222561
0.209527
0.123483
0.0414322
0.208441
0.406349
0.143561
0.169179
0.0900505
0.0654311
0.0725274
0.237506
0.313596
0.168495
0.0948577
0.352478
0.00827898
0.161238
0.0100633
0.095675
0.296539
0.131
0.0158907
0.367877
0.294211
0.167728
0.180067
0.163737
0.34906
0.0683275
0.217924
0.159415
0.394416
0.137013
0.0577911
0.157671
0.156273
0.0404392
0.0397904
0.0757503
0.00202616
0.310607
0.11019
0.0348714
0.17555
0.249407
0.121042
0.173112
0.177815
0.299824
0.0803985
0.108137
0.272292
0.105802
0.230722
0.148107
0.0478757
0.22007
0.0152252
0.174737
0.278775
0.252213
0.309102
0.193465
0.102953
0.125437
0.213488
0.0400858
0.0494773
0.147235
0.0250464
0.281657
0.307683
0.195887
0.313472
0.156372
0.213096
0.050803
0.16538
0.0129668
0.101145
0.158081
0.0931853
0.107718
0.294297
0.00385625
0.0210392
0.169509
0.171782
0.242102
0.0115806
0.208921
0.0129162
0.0156101
0.261742
0.185506
0.228239
0.196205
0.0950249
0.246479
0.0947227
0.00483052
0.240407
0.288293
0.286002
0.142792
0.1996
0.00796424
0.170051
0.123179
0.171956
0.135638
0.104807
0.197578
0.315109
0.540728
0.212103
0.00583952
0.184033
0.0265563
0.349792
0.219585
0.131999
0.292172
0.403722
0.267736
0.202834
0.0380905
0.0851799
0.107723
0.31359
0.00468863
0.159309
0.000410709
0.017113
0.00169542
0.168032
0.279081
0.030574
0.157298
0.214878
0.0110029
0.110046
0.115829
0.0614801
0.10973
0.291116
0.0388692
0.301369
0.0776226
0.0803079
0.507343
0.171837
0.13491
0.00378501
0.444719
0.24917
0.282792
0.343561
0.0813335
0.305939
0.105285
0.207127
0.211816
0.00950041
0.205063
0.214655
0.201628
0.209479
0.128879
0.0205268
0.146276
0.0681741
0.277654
0.264917
0.370119
0.000775429
0.267778
0.169612
0.0525881
0.227389
0.0817298
0.104892
0.0977236
0.328454
0.223972
0.183351
0.799601
0.138665
0.168777
0.18767
0.447667
0.171882
0.201558
0.336245
0.106145
0.248143
0.217116
0.0996134
0.370066
0.00455406
0.278296
0.38411
0.0933153
0.217423
0.338774
0.0436678
0.11465
0.176657
0.560428
0.285679
0.0871185
0.317129
0.165211
0.276153
0.0292194
0.225294
0.252044
0.19048
0.00305158
0.357299
0.437139
0.0122289
0.19092
0.0160303
0.0507979
0.233309
0.153088
0.201994
0.421462
0.121642
0.0232682
0.393783
0.194564
0.0705284
0.321233
0.329617
0.0956118
0.19075
0.303363
0.396491
0.18627
0.142341
0.261715
0.248309
0.296254
0.0705076
0.300151
0.241262
0.256894
0.0373185
0.457577
0.411507
0.166119
0.184427
0.304604
0.423401
0.150978
0.106806
0.159971
0.223238
0.409086
0.247547
0.309683
0.0532522
0.12527
0.207709
0.341062
0.218399
0.277897
0.244736
0.360042
0.139522
0.505966
0.0435373
0.226105
0.110623
0.119166
0.187106
0.51198
0.199356
0.0194547
0.0021971
0.153004
0.282974
0.211622
0.0200627
0.102868
0.0927672
0.179128
0.039346
0.0728118
0.310839
0.239486
0.103081
0.167763
0.0652128
0.124139
0.136216
0.16213
0.507665
0.351629
0.151866
0.0559571
0.0339297
0.328176
0.273911
0.332862
0.0635816
0.0190987
0.00106065
0.152266
0.0507103
0.163224
0.0556216
0.0580164
0.180772
0.226252
0.198346
0.253731
0.0441675
0.0739766
0.0245554
0.0993753
0.0137171
0.175317
0.0980261
0.603049
0.204077
0.27993
0.194026
0.207866
0.0908122
0.0246901
0.249564
0.213784
0.204292
0.00600342
0.0389796
0.21932
0.420193
0.123303
0.0469222
0.147602
0.168186
0.150407
0.292181
0.179707
0.363868
0.264829
0.501904
0.0782461
0.867193
0.285855
0.32571
0.237347
0.0707628
0.0919744
0.153522
0.187523
0.20227
0.285728
0.144693
0.222182
0.300839
0.00404047
0.225705
0.193667
0.203795
0.103736
0.0447227
0.271073
0.0544588
0.158691
0.145836
0.0991949
0.103881
0.00355584
0.205713
0.197682
0.017118
0.0752722
0.108542
0.330091
0.356476
0.319895
0.21945
0.2577
0.294392
0.0170664
0.227237
0.113488
0.198673
0.225071
0.0741177
0.325353
0.164132
0.16693
0.00787795
0.153233
0.117184
0.515297
0.261845
0.115391
1.25897
0.109782
0.374099
0.454216
0.0882536
0.113346
0.34458
0.205942
0.13701
0.00322828
0.193421
0.342126
0.167966
0.0965048
0.109421
0.272978
0.304447
0.0135949
0.188017
0.196604
0.230405
0.0690264
0.176974
0.0263208
0.281412
0.114222
0.022465
0.22159
0.317419
0.193409
0.554547
0.245646
0.103363
0.179023
0.0273354
0.0654157
0.00410128
0.239759
0.195319
0.227329
0.248511
0.190365
0.180338
0.150755
0.227797
0.119657
0.00752946
0.0946812
0.0828437
0.248099
0.218527
0.0118692
0.178488
0.334192
0.215501
0.321266
0.161605
0.222579
0.0802351
0.239706
0.260025
0.138885
0.204294
0.36827
0.0900152
0.121133
0.00767983
0.195383
0.235201
0.56352
0.169873
0.102368
0.100487
0.135345
0.28758
0.352321
0.336058
0.310002
0.0807061
0.085945
0.142915
0.0123999
0.021239
0.275317
0.111392
0.356884
0.0398245
0.129813
0.204993
0.261458
0.471997
0.0525889
0.162333
0.203837
0.188598
0.100764
0.179654
0.104925
0.240788
0.151217
0.219802
0.399707
0.129849
0.271791
0.289681
0.365927
0.00743615
0.135
0.253243
0.243672
0.358957
0.182184
0.12163
0.257199
0.301297
0.179208
0.282692
0.179704
0.0107829
0.317359
0.193516
0.103895
0.128873
0.13102
0.501612
0.0563902
0.0943399
0.223979
0.0906769
0.205863
0.0584903
0.32176
0.296519
0.426197
0.150982
0.149475
0.145379
0.233517
0.346586
0.0618968
0.210554
0.140866
0.138264
0.344671
0.222892
0.193286
0.476221
0.203616
0.115041
0.145643
0.273324
0.247392
0.0395978
0.349145
0.305681
0.165343
0.731033
0.0948315
0.0488359
0.0644748
0.120957
0.131088
0.027187
0.00212526
0.353185
0.18997
0.0034642
0.14555
0.328816
0.119198
0.0518867
0.0285899
0.125791
0.205055
0.226198
0.111156
0.075351
0.0427129
0.257566
0.0291602
0.218731
0.256601
0.220142
0.317256
0.157439
0.258997
0.197219
0.182958
0.398894
0.123832
0.0989243
0.212957
0.350214
0.118647
0.21268
0.197448
0.0245378
0.0446797
0.143454
0.111263
0.117068
0.109285
0.083293
0.097163
0.262613
0.158335
0.304871
0.137819
0.285213
0.117948
0.198069
0.0864475
0.0602191
0.326534
0.128962
0.147132
0.0505824
0.121958
0.121846
0.105283
0.187691
0.0987382
0.232819
0.22879
0.0151545
0.0113242
0.275898
0.129037
0.241015
0.328346
0.206524
0.148034
0.319133
0.0087208
0.231385
0.141863
0.0318916
0.1749
0.324258
0.192397
0.36944
0.19708
0.0047607
0.243046
0.0605625
0.323693
0.270762
0.259061
0.0515052
0.180761
0.0746347
0.100177
0.0968038
0.209808
0.247168
0.177433
0.320139
0.214168
0.00912345
0.364516
0.379082
0.204581
0.0225693
0.318339
0.27831
0.132533
0.129655
0.237689
0.336062
0.348743
0.400237
0.1448
0.366483
0.0293763
0.115551
0.205614
0.0432373
0.00759899
0.0880179
0.0860044
0.0321483
0.0919083
0.394032
0.157487
0.216748
0.195638
0.317642
0.0542156
0.142504
0.35179
0.158794
0.306187
0.0182768
0.026335
0.134212
0.0483973
0.159401
0.0670819
0.174223
0.247327
0.100657
0.0497743
0.0369444
0.129254
0.107136
0.00650273
0.0128768
0.0929667
0.260367
0.036357
0.191285
0.00508304
0.1517
0.0314667
0.0182624
0.12586
0.196549
0.347244
0.264835
0.023741
0.123057
0.148749
0.292088
0.270181
0.251307
0.0729243
0.0771799
0.0421714
0.155683
0.212303
0.00869729
0.316169
0.12921
0.00382888
0.0698418
0.32558
0.239873
0.00363236
0.0885585
0.18768
0.175493
0.188583
0.0353442
0.301078
0.196064
0.00088508
0.250904
0.116811
0.0625163
0.217602
0.167775
0.2144
0.00364994
0.128461
0.0665231
0.130284
0.293623
0.0776567
0.0294942
0.292617
0.160655
0.202924
0.146072
0.131698
0.119112
0.0717783
0.0174346
0.108398
0.0932789
0.453286
0.0652494
0.262039
0.156749
0.098514
0.168869
0.120938
0.558215
0.0584812
0.328725
0.168617
0.0673302
0.133395
0.00174163
0.448288
0.0944242
0.221797
0.528361
0.194708
0.280458
0.0426893
0.364109
0.353654
0.00536373
0.0912003
0.156139
0.0801966
0.247836
0.277063
0.230178
0.186411
0.0661555
0.0165576
0.360512
0.0399343
0.251548
0.152411
0.201238
0.115246
0.191836
0.262909
0.63457
0.101461
0.00877164
0.132312
0.0604114
0.17015
0.148408
0.00870748
0.202021
0.212703
0.287201
0.146429
0.173287
0.26575
0.265246
0.086237
0.333112
0.318961
0.0423326
0.189228
0.198318
0.215811
0.396601
0.102322
0.315059
0.0745297
0.0655627
0.269488
0.0909049
0.0522102
0.0857429
0.139355
0.314885
0.128962
0.271253
0.275861
0.116901
0.0954179
0.183806
0.0475123
0.0237861
0.0252865
0.223398
0.0403775
0.17909
0.19691
0.22953
0.145634
0.223464
0.00286284
0.183705
0.289227
0.293944
0.154709
0.0304662
0.196939
0.334365
0.117822
0.283009
0.219283
0.138218
0.308242
0.147486
0.162091
0.0898712
0.346066
0.139629
0.29734
0.00382049
0.178418
0.0263787
0.238363
0.183002
0.0873212
0.53187
0.0959347
0.237262
0.0518495
0.10178
0.0538757
0.261346
0.0243532
0.0472598
0.0581318
0.226159
0.113266
0.149104
0.419431
0.261743
0.138636
0.0315817
0.103054
0.287696
0.169601
0.322253
0.0923922
0.0495992
0.31274
0.34177
0.0037488
0.252874
0.229956
0.221596
0.131737
0.245433
0.0636938
0.263081
0.176366
0.25998
0.115101
0.135923
0.173699
0.0968217
0.20972
0.221051
0.162752
0.00913062
0.00303295
0.504205
0.246841
0.187432
0.000618947
0.00500638
0.146574
0.164485
0.265404
0.0784598
0.274508
0.00183563
0.126127
0.257688
0.155908
0.0416305
0.321219
0.279084
0.334433
0.0158614
0.158495
0.311382
0.201439
0.177762
0.288014
0.169801
0.273461
0.0224709
0.00166549
0.183556
0.0841995
0.0904518
0.0881391
0.172477
0.0687956
0.618826
0.0030883
0.301075
0.00635264
0.14933
0.138967
0.0565072
0.0795931
0.267275
0.224296
0.351632
0.163957
0.0149634
0.128362
0.0009822
0.195866
0.0170677
0.393557
0.0798222
0.00507935
0.0431892
0.000590207
0.103998
0.104342
0.0706317
0.121096
0.293474
0.173982
0.297577
0.105259
0.0630663
0.23789
0.240638
0.0453343
0.257531
0.330973
0.274135
0.153449
0.220024
0.195142
0.223094
0.368923
0.116303
0.584535
0.227195
0.359698
0.121558
0.0731784
0.00933847
0.296883
0.0241979
1.0129
0.186076
0.124157
0.0726387
0.0135963
0.0197394
0.217874
0.107352
0.23169
0.174301
0.252408
0.358638
0.14282
0.148154
0.429764
0.132157
0.441476
0.371646
0.218793
0.315902
0.14845
0.00271526
0.122884
0.117682
0.120805
0.0665654
0.255335
0.0315917
0.349841
0.112659
0.212889
0.00362855
0.189894
0.15821
0.0983035
0.154966
0.131687
0.185202
0.218062
0.109622
0.262446
0.200969
0.192266
0.119315
0.156098
0.117146
0.102248
0.139211
0.338796
0.195876
0.0397768
0.195805
0.0705416
0.0408814
0.0588146
0.157759
0.0235167
0.165881
0.2337
0.309378
0.25275
0.0498062
0.565651
0.240919
0.00639449
0.396664
0.1025
0.124268
0.233856
0.271652
0.0495546
0.125786
0.263041
0.258263
0.0162361
0.0106418
0.0777267
0.211658
0.00150727
0.119428
0.254593
0.374997
0.150819
0.251201
0.254431
0.25606
0.140238
0.162494
0.140505
0.42427
0.498585
0.196547
0.702207
0.347048
0.0346396
0.149854
0.184118
0.0188015
0.348253
0.047616
0.116165
0.365563
0.238805
0.135
0.313637
0.134575
0.231815
0.339953
0.1992
0.165077
0.0711124
0.0645439
0.161067
0.282057
0.525752
0.249721
0.0133567
0.249056
0.111519
0.345817
0.175685
0.0795142
0.217664
0.227155
0.128137
0.784297
0.329498
0.0981451
0.115467
0.018954
0.10842
0.00163705
0.0368612
0.271969
0.344591
0.55076
0.344129
0.107636
0.479038
0.0418867
0.266665
0.0141692
0.243972
0.187383
0.0792357
0.0215114
0.294851
0.294946
0.134982
0.13209
0.247679
0.000998415
0.186842
0.0976321
0.358627
0.3683
0.162753
0.20632
0.192683
0.232795
0.22634
0.0916687
0.0304637
0.25539
0.276458
0.296894
0.138704
0.108004
0.210229
0.361841
0.0164554
0.0784584
0.195122
0.292322
0.108183
0.0362349
0.00189693
0.29332
0.0378082
0.274146
0.134835
0.020019
0.0996006
0.14486
0.276575
0.106457
0.263102
0.341422
0.00113958
0.297516
0.261708
0.041555
0.183201
0.191843
0.0245005
0.0199781
0.336314
0.12514
0.165282
0.085114
0.0349802
0.0955072
0.038707
0.198155
0.116295
0.00587181
0.00494678
0.377216
0.174014
0.0896551
0.0914246
0.28478
0.0689006
0.109372
0.761479
0.159925
0.14521
0.235798
0.336695
0.24351
0.0449872
0.0534029
0.078783
0.246695
0.0232489
0.0789074
0.0105092
0.157635
0.099562
0.270562
0.512391
0.0103083
0.050361
0.0354765
0.364425
0.209883
0.199033
0.141458
0.160177
0.168472
0.077808
0.0885946
0.233796
0.078636
0.0795588
0.0832175
0.11781
0.226568
0.012216
0.158782
0.234124
0.0359173
0.105652
0.0372924
0.145492
0.203896
0.20913
0.00341008
0.254629
0.0275695
0.325663
0.153594
0.163582
0.110342
0.111766
0.196626
0.170923
0.263
0.11276
0.040913
0.177219
0.107128
0.275185
0.187863
0.0659352
0.0458837
0.352252
0.498223
0.152886
0.0973041
0.227526
0.16906
0.129754
0.315294
0.275266
0.0368489
0.147599
0.320742
0.0196329
0.260172
0.429827
0.346378
0.187336
0.263625
0.013759
0.0733773
0.00512259
0.366407
0.105904
0.111825
0.1533
0.031006
0.0555775
0.24143
0.236597
0.110346
0.101574
0.175867
0.1837
0.000559985
0.0511283
0.0453243
0.169004
0.0083204
0.268885
0.217659
0.156675
0.10399
0.255965
0.247077
0.0742092
0.188622
0.250155
0.119406
0.217228
0.224778
0.266194
0.279773
0.193354
0.0649137
0.0803084
0.137089
0.210792
0.143689
0.0281416
0.305691
0.264406
0.241796
0.216205
0.0637547
0.0299903
0.00551407
0.0105488
0.000465873
0.267947
0.0977583
0.173806
0.093277
0.0629906
0.23935
0.298082
0.130813
0.278394
0.275614
1.27305
0.136746
0.0415185
0.0689965
0.303294
0.152073
0.139688
0.301359
0.137446
0.0838196
0.134019
0.0101339
0.254101
0.219381
0.0935329
0.0192069
0.103419
0.219157
0.182245
0.208194
0.268323
0.251725
0.200699
0.352652
0.121221
0.276738
0.0891779
0.424275
0.0261437
0.0591406
0.0602117
0.168028
0.264516
0.292765
0.336621
0.0712518
0.169941
0.187504
0.102182
0.102332
0.0597417
0.00363829
0.11234
0.125217
0.140336
0.270563
0.145605
0.0834796
0.133067
0.253634
0.0346437
0.282964
0.140339
0.180523
0.0160235
0.17654
0.309369
0.241325
0.130411
0.101293
0.286941
0.217382
0.00150257
0.759733
0.07798
0.0461149
0.28537
0.0837435
0.312611
0.212946
0.16469
0.197997
0.212484
0.172115
0.0483328
0.0892664
0.216327
0.00901828
0.15781
0.225272
0.408793
0.228419
0.16811
0.357326
0.00710596
0.256886
0.181302
0.252973
0.0111118
0.00374255
0.0656229
0.0698821
0.135371
0.106742
0.254653
0.042802
0.0102922
0.145083
0.00133577
0.0570857
0.00606419
0.149825
0.182106
0.192695
0.223086
0.302705
0.120604
0.00277785
0.47473
0.0171977
0.136405
0.00616006
0.212865
0.171776
0.0990516
0.230208
0.192267
0.0910198
0.157458
0.0813229
0.246049
0.131398
0.0026126
0.0386804
0.0912166
0.288987
0.0737998
0.1879
0.0670007
0.0944681
0.139814
0.0849179
0.107822
0.130976
0.124266
0.0902823
0.0348366
0.341268
0.176758
0.251023
0.192183
0.126904
0.00746143
0.0445932
0.00478132
0.260832
0.113154
0.200433
0.0545515
0.125805
0.0458465
0.00664553
0.0983122
0.0964749
0.1613
0.0842393
0.0959979
0.18638
0.266892
0.047472
0.146079
0.243656
0.245198
0.184613
0.192104
0.108117
0.255998
0.0361408
0.065676
0.124987
0.519812
0.0256863
0.00167115
0.132756
0.0994727
0.187478
0.0111393
0.0495677
0.167767
0.258478
0.157117
0.216135
0.0666683
0.300042
0.155861
0.134575
0.0838942
0.0390649
0.162519
0.20061
0.174943
0.110353
0.130437
0.368518
0.0573653
0.262778
0.0361532
0.0747074
0.128615
0.339657
0.23547
0.0132236
0.0613104
0.00961403
0.121016
6.3602e-05
0.214083
0.15212
0.104353
0.160682
0.144572
0.00541577
0.139641
0.174923
0.00966068
0.0774933
2.35443e-05
0.184549
0.0683654
0.23356
0.0101385
0.134127
0.318165
0.124578
0.181546
0.654463
0.121745
0.0779374
0.00413348
0.214351
0.243949
0.0241722
0.182256
0.017347
0.217983
0.02938
0.0709002
0.182318
0.260479
0.233346
0.236342
0.0318505
0.00792032
0.0229666
0.283366
0.102378
0.0805934
0.146366
0.0148652
0.153112
0.0382631
0.0450378
0.140411
0.1528
0.259018
0.133071
0.153598
0.116282
0.182043
0.204867
0.338621
0.202279
0.00507879
0.124646
0.250846
0.00618521
0.198733
0.00481264
0.200807
0.116908
0.130346
0.0722696
0.0885546
0.107509
0.0105562
0.212856
0.4282
0.261486
0.131187
0.0936441
0.188527
0.16007
0.207521
0.216272
0.0863922
0.000963904
0.0277883
0.204462
0.243175
0.105315
0.206106
0.144818
0.238992
0.250661
0.200677
0.354189
0.339184
0.070412
0.287149
0.142672
0.0697871
0.186368
0.00624036
0.147178
0.00164085
0.0693179
0.0625036
0.195045
0.221847
0.141637
0.0597032
0.0625801
0.184204
0.0198074
0.0689801
0.0253761
0.158701
0.319253
0.185103
0.233705
0.22752
0.0285038
0.25452
0.255128
0.855591
0.190662
0.302797
0.125554
0.180503
0.307186
0.535971
0.0369875
0.106818
0.214667
0.242406
0.116897
0.169364
0.0490312
0.0708417
0.0835594
0.320631
0.137218
0.250654
0.149524
0.113148
0.0624227
0.39105
0.144331
0.202674
0.0485097
0.241041
0.185883
0.427183
0.0371053
0.00119036
0.232107
0.182832
0.125542
0.0214368
0.118943
0.31049
0.152498
0.00589783
0.241261
0.165265
0.112623
0.28248
0.0152881
0.0188642
0.275322
0.0937601
0.0633714
0.443562
0.202936
0.0621413
0.604171
0.209338
0.200072
0.439856
0.238581
0.0678104
0.3309
0.00331951
0.0232516
0.201507
0.283872
0.138042
0.103893
0.404684
0.0326121
0.282826
0.263646
0.137191
0.232801
0.298159
0.00392055
0.106689
0.264589
0.183438
0.0571576
0.177775
0.10949
0.0430396
0.198476
0.10125
0.0560079
0.00989848
0.133646
0.238573
0.212011
0.300946
0.105259
0.323374
0.222671
0.211416
0.12544
0.162515
0.0421296
0.0750552
0.0241843
0.109318
0.0677395
0.264499
0.342262
0.340613
0.142982
0.169299
0.0251769
0.199874
0.0144721
0.349868
0.334338
0.0211122
0.101201
0.192627
0.153693
0.0307733
0.00493183
0.0331946
0.127546
0.258163
0.113749
0.241442
0.117485
0.0963243
0.0875501
0.472189
0.15492
0.195897
0.259378
0.0143109
0.0286393
0.00183072
0.0396216
0.0792237
0.246343
0.20711
0.2551
0.130137
0.0603381
0.0821627
0.236368
0.241578
0.240254
0.0584242
0.232007
0.180306
0.0155089
0.0612603
0.0505479
0.351831
0.184307
0.231335
0.00486795
0.207259
0.157909
0.185843
0.0113453
0.000624825
0.104889
0.107474
0.14402
0.00296329
0.354485
0.135148
0.272515
0.177761
0.0413239
0.135882
0.121393
0.00257729
0.611225
0.443624
0.25686
0.0177833
0.302911
0.194551
0.315812
0.155359
0.0040455
0.186717
0.420436
0.252633
0.0751591
0.285348
0.123161
0.0218602
0.10559
0.180634
0.0143349
0.00583522
0.113355
0.234821
0.164335
0.00187613
0.184927
0.0596484
0.0689758
0.0634549
0.338786
0.190794
0.119819
0.133748
0.0887903
0.0182083
0.170394
0.199264
0.614119
0.766928
0.126468
0.154493
0.146516
0.016779
0.189927
0.247316
0.0017889
0.155229
0.000939279
0.132347
0.0642943
0.182706
0.343918
0.300322
0.0183166
0.127326
0.211962
0.204909
0.221112
0.178227
0.214915
0.171697
0.0895447
0.122499
0.0545003
0.279026
0.117567
0.206001
0.177397
0.206963
0.0359318
0.0559132
0.200819
0.0289785
0.127635
0.127754
0.0266017
0.410681
0.109154
0.002487
0.05694
0.0259279
0.33394
0.0680976
0.167579
0.0243807
0.0633463
0.0204063
0.0195546
0.0976015
0.327253
0.0142278
0.0206015
0.412062
0.0231927
0.211937
0.0353514
0.212137
0.215869
0.0701302
0.218494
0.216267
0.18596
0.200079
0.265687
0.181525
0.0815542
0.157934
0.0991688
0.158418
0.0272201
0.1152
0.0478422
0.254409
0.255793
0.188188
0.186985
0.0148948
0.129246
0.0470555
0.058305
0.262822
0.0959531
0.00112912
0.111531
0.00852099
0.152975
0.462994
0.363402
0.00183155
0.136789
0.00676406
0.0249888
0.0140839
0.353331
0.323355
0.103412
0.15758
0.155584
0.208218
0.00353364
0.0135332
0.0647571
0.138543
0.24981
0.254962
0.0597547
0.0524877
0.0320306
0.141334
0.22543
0.3809
0.1209
0.113137
0.0718624
0.649401
0.03551
0.072118
0.310375
0.210054
0.27667
0.401695
0.30759
0.339656
0.24216
0.141062
0.315313
0.245976
0.13483
0.0593679
0.197942
0.142764
0.0521658
0.232797
0.165615
0.0177238
0.265759
0.334617
0.0650346
0.16342
0.169528
0.106668
0.203041
0.0683307
0.20881
0.0477127
0.21574
0.0854751
0.218091
0.00858911
0.23437
0.343686
0.0084033
0.13269
0.0805927
0.0975908
0.0891775
0.0640243
0.20897
0.264432
0.353879
0.132292
0.199537
0.00640295
0.0698025
0.00275261
0.195678
0.247828
0.163455
0.356769
0.0778089
0.26168
0.0549758
0.301627
0.101153
0.0809922
0.144288
0.24239
0.00337842
0.192702
0.290559
0.182291
0.00448282
0.152134
0.234065
0.193742
0.00140222
0.201879
0.174511
0.135411
0.212189
0.0156316
0.268623
0.204567
0.128517
0.174058
0.129782
0.14235
0.0730202
0.307459
0.0527585
0.320585
0.0284643
0.0309359
0.127557
0.0132191
0.0695759
0.217559
0.138748
0.163287
0.190242
0.362439
0.0488424
0.0543446
0.00402778
0.0192549
0.037772
0.150585
0.240332
0.072096
0.00467462
0.359097
0.313496
0.190278
0.0994642
0.260242
0.336682
0.199922
0.0529923
0.254977
0.00726405
0.242805
0.225066
0.042185
0.151683
0.279602
0.204308
0.271051
0.518221
0.211961
0.283434
0.267081
0.23659
0.121112
0.371939
0.22262
0.0106687
0.12498
0.0969705
0.214447
0.191153
0.0760785
0.149907
0.249071
0.141412
0.467163
0.188938
0.217179
0.143683
0.195722
0.101385
0.0222203
0.0905421
1.03275
0.241096
0.149196
0.202752
0.0246642
0.315517
0.0068534
0.0308932
0.0676693
0.0144741
0.146526
0.104265
0.240326
0.191644
0.211743
0.0597459
0.381421
0.195466
0.227479
0.301057
0.10459
0.00145144
0.00062709
0.225733
0.249778
0.273316
0.0175147
0.0181717
0.4037
0.0540233
0.442524
0.233988
0.189179
0.0943364
0.138384
0.0576082
0.212456
0.159143
0.00808875
0.0396966
0.217082
0.197717
0.00290604
0.224004
0.158117
0.294269
0.0245857
0.200133
0.30801
0.0207393
0.225284
0.146767
0.160317
0.144416
0.0322667
0.272112
0.272416
0.148331
0.0570298
0.130336
0.00443246
0.370252
0.00979738
0.215858
0.098575
0.135212
0.426947
0.0413981
0.31717
0.120984
0.149522
0.273808
0.276263
0.178806
0.289458
0.00815487
0.121617
0.0143367
0.318074
0.258135
0.285085
0.00185126
0.142494
0.281013
0.169369
0.141478
0.659545
0.0694694
0.133202
0.353391
0.221919
0.0672035
0.193157
0.155949
0.354054
0.105077
0.0594671
0.114128
0.343375
0.310576
0.198143
0.267662
0.0688794
0.0721323
0.0956395
0.149963
0.135465
0.172572
0.320679
0.181952
0.117546
0.0518609
0.170328
0.168772
0.0443935
0.0952297
0.176524
0.0534981
0.212675
0.323303
0.250953
0.091019
0.152235
0.182002
0.259597
0.107599
0.232761
0.162292
0.113724
0.398858
0.0814546
0.0186937
0.156156
0.176176
0.270875
0.00301888
0.0515893
0.00286977
0.242771
0.0358362
0.150215
0.027721
0.154905
0.168519
0.0620209
0.163366
0.828438
0.233849
0.0153803
0.0965755
0.272233
0.0501862
0.161166
0.0153975
0.0154165
0.105449
0.144166
0.135162
0.252855
0.0103104
0.181956
0.182056
0.203326
0.00594512
0.0451846
0.00195643
0.183547
0.198114
0.23094
0.150526
0.204827
0.305391
0.00306333
0.296745
0.207864
0.962967
0.147373
0.101045
0.283337
0.086766
0.160447
0.316444
0.0761442
0.369508
0.093047
0.00280425
0.244145
0.141784
0.186302
0.0275907
0.209815
0.151083
0.210101
0.0295626
0.134661
0.23305
0.186592
0.124232
0.115367
0.116617
0.222432
0.193023
0.14116
0.307794
0.234725
0.175506
0.198752
0.213109
0.213715
0.157301
0.00738697
0.141368
0.169906
0.1163
0.000738589
0.0652631
0.148189
0.133434
0.227269
0.00264864
0.05663
0.263996
0.362438
0.365924
0.22168
0.202598
0.000642934
0.0103743
0.224768
0.00144893
0.0324241
0.32043
0.135926
0.19835
0.0466476
0.00082669
0.208136
0.0384031
0.193473
0.0442298
0.196589
0.203703
0.0628194
0.00910147
0.0386091
0.222755
0.0802104
0.0174706
0.19591
0.00566925
0.0111869
0.148806
0.0680332
0.233622
0.000342786
0.0743153
0.116143
0.00845408
0.0103236
0.098254
0.174322
0.343455
0.122758
0.223922
0.203216
0.358801
0.262995
0.156969
0.00607624
0.00145505
0.239014
0.0736144
0.0093363
0.0308858
0.0874607
0.333872
0.437272
0.0196516
0.056928
0.34409
0.0107927
0.0492243
0.0207394
0.28681
0.200833
0.0782777
0.237401
0.0480778
0.00347064
0.12951
0.129884
0.151349
0.0223307
0.22795
0.164729
0.028345
0.0759769
0.175575
0.14138
0.00916804
0.110114
0.000220929
0.0198105
0.11299
0.00599979
0.00637986
0.169161
0.0437638
0.214152
0.14191
0.0979805
0.0394018
0.111559
0.00603644
0.00895787
0.280726
0.0900239
0.349407
0.174463
0.147577
0.251183
0.154815
0.197897
0.0945371
0.112583
0.108145
0.172704
0.171688
0.0608546
0.0204923
0.157696
0.114286
0.194159
0.270502
0.0880368
0.305808
0.0735087
0.22845
0.163503
0.244895
0.148917
0.00687025
0.0361069
0.403142
0.125468
0.172703
0.101135
0.160505
0.0488464
0.126316
0.284835
0.138144
0.154587
0.160006
0.00778935
0.0856086
0.12805
0.18319
0.498007
0.211441
0.193293
0.157548
0.1876
0.0241303
0.174972
0.177394
0.317433
0.369264
0.00131481
0.255197
0.181321
0.117289
0.0607913
0.220748
0.0404515
0.243077
0.262642
0.0961292
0.0719518
0.289674
0.329846
0.0242582
0.377096
0.212821
0.194115
0.0225862
0.23329
0.0794922
0.190945
0.0054238
0.109691
0.132438
0.147591
0.118395
0.103696
0.24962
0.136208
0.240752
0.0111063
0.211029
0.17457
0.00812751
0.140774
0.0552634
0.214034
0.931735
0.11674
0.0195121
0.000472797
0.339213
0.103226
0.132883
0.0836236
0.127455
0.179196
0.00815441
0.176434
0.231906
0.217754
0.075173
0.163077
0.148879
0.197126
0.165237
0.247
0.517705
0.197338
0.248161
0.0169657
0.0018121
0.175207
0.335706
0.0687002
0.0863088
0.145353
0.168005
0.0242625
0.0538752
0.183729
0.163458
0.0353077
0.157389
0.0126623
0.174344
0.171997
0.0415858
0.0728264
0.343112
0.0853071
0.0942211
0.231882
0.0637786
0.0650859
0.158565
0.272509
0.0691943
0.0442513
0.204635
0.151877
0.139679
0.0305059
0.00235872
0.169702
0.177449
0.164941
0.0634022
0.00208853
0.357156
0.299781
0.210085
0.0673612
0.160398
0.0995649
0.0453028
0.267349
0.19989
0.0715723
0.164812
0.23648
0.0354918
0.205526
0.00635549
0.167273
0.28557
0.049096
0.136875
0.311752
0.156811
0.112523
0.150131
0.0728066
0.422992
0.0555839
0.10843
0.18033
0.14817
0.179779
0.171035
0.0488612
0.0222123
0.174441
0.0954817
0.1508
0.109535
0.158135
0.126398
0.132053
0.182166
0.114827
0.200115
0.161468
0.243042
0.0154334
0.0623643
0.249682
0.00791621
0.150876
0.203755
0.0283096
0.196632
0.0130682
0.222387
0.0264865
0.29307
0.141841
0.214775
0.103929
0.291339
0.102337
0.000211732
0.143907
0.00577339
0.113393
0.0526759
0.162445
0.169738
0.136291
0.000362067
0.471028
0.135756
0.24908
0.235695
0.320592
0.136217
0.169277
0.233641
0.201777
0.218938
0.189521
0.441619
0.323433
0.0716079
0.00931408
0.122889
0.100616
0.135973
0.00346437
0.00165517
0.211596
0.217515
0.701527
0.172796
0.099523
0.136202
0.0648349
0.360207
0.198516
0.115833
0.215906
0.131245
0.139818
0.370306
0.222842
0.108744
0.197045
0.250604
0.00746212
0.153534
0.0870191
0.225493
0.00536847
0.00477221
0.255326
0.158404
0.273283
0.131697
0.0133739
0.224745
0.0878137
0.120264
0.0657178
0.0341303
0.194577
0.319445
0.226241
0.0822265
0.0366929
0.234203
0.154466
0.172323
0.168038
0.0456131
0.300111
0.0241944
0.111945
0.0286713
0.0555228
0.122322
0.0109399
0.372162
0.125008
0.176312
0.540938
0.188631
0.105342
0.255351
0.1764
0.0727568
0.15971
0.325863
0.175583
0.0396666
0.0139098
0.0449523
0.0698885
0.23797
0.00578327
0.402723
0.173168
0.243581
0.268276
0.112595
0.133786
0.0134603
0.224989
0.057813
0.113978
0.106376
0.138066
0.203598
0.182285
0.267009
0.271003
0.0718234
0.153983
0.341926
0.0646506
0.200712
0.0314019
0.228396
0.0795204
0.237008
0.309319
0.110859
0.131338
0.106662
0.0916386
0.00298069
0.0539351
0.0445767
0.121478
0.0615206
0.180113
0.185802
0.200563
0.118452
0.184441
0.257722
0.00386729
0.0785863
0.297714
0.241397
0.133688
0.00807301
0.015272
0.165638
0.100208
0.314312
0.0695393
0.183825
0.186485
0.12155
0.107138
0.282843
0.18838
0.14165
0.169592
0.348022
0.0230581
0.124001
0.214387
0.184606
0.0981659
0.0930186
0.0763405
0.0978156
0.0411259
0.0688445
0.238665
0.0919492
0.487213
0.320251
0.166366
0.258807
0.102909
0.0349374
0.339522
0.00417007
0.0364626
0.0516808
0.022082
0.282475
0.24946
0.0459426
0.220034
0.21967
0.0536942
0.245972
0.317059
0.173612
0.139882
0.218573
0.0935534
0.164794
0.156886
0.0338279
0.14739
0.129065
0.209799
0.132848
0.199088
0.0255809
0.0805585
0.133869
0.100257
0.0032851
0.0874131
0.248335
0.125873
0.183901
0.00390011
0.182984
0.111015
0.169946
0.193638
0.0976154
0.112301
0.169525
0.075443
0.050676
0.276403
0.123812
0.111942
0.237824
0.132374
0.18044
0.23227
0.164027
0.0702188
0.321904
0.235235
0.193548
0.00590002
0.0454873
0.00226396
0.197815
0.0329927
0.0160727
0.155495
0.0321393
0.194428
0.201617
0.12782
0.00075814
0.0676611
0.134672
0.118602
0.24027
0.0930556
0.039696
0.246978
0.00206974
0.227732
0.095392
0.143241
0.212568
0.0220728
0.0942116
0.128336
0.327458
0.03201
0.222869
0.273011
0.301375
0.00141544
0.217707
0.139547
0.494345
0.243295
0.0570864
0.223493
0.0575685
0.0195796
0.00354308
0.103364
0.12147
0.162352
0.0618193
0.180368
0.105051
0.258408
0.057692
0.353955
0.170095
0.235134
0.196112
0.00318383
0.245788
0.00442415
0.182273
0.130157
0.183502
0.0197797
0.177341
0.196662
0.00467506
0.279506
0.144868
0.0737183
0.150802
0.128516
0.304821
0.181253
0.25136
0.0665349
0.119136
0.218039
0.156839
0.176479
0.0207877
0.147756
0.0251472
0.198756
0.106565
0.0809428
0.184387
0.00141617
0.199218
0.00720618
0.0854826
0.135383
0.00495949
0.0137754
0.00821296
0.133255
0.104497
0.0908225
0.376757
0.197738
0.0121716
0.194086
0.00507914
0.252376
0.00493634
0.110071
0.0102105
0.152282
0.211248
0.0114423
0.164451
0.270458
0.18291
0.0616965
0.247519
0.0448815
0.142388
0.00147534
0.224028
0.112977
0.00549732
0.260429
0.0165478
0.0264356
0.212117
0.0190856
0.364952
0.314085
0.00856382
0.0713228
0.0912814
0.000999916
0.149764
0.046574
0.107184
0.196669
0.241509
0.152528
0.0166479
0.0502519
0.231311
0.427133
0.144127
0.270096
0.212832
0.101537
0.272869
0.0167469
0.0110181
0.195252
0.15062
0.214533
0.288629
0.00113696
0.186394
0.162032
0.0368366
0.0486366
0.137556
0.28173
0.139473
0.17176
0.150619
0.125677
0.145657
0.219626
0.117626
0.0297206
0.0810694
0.191001
0.00780949
0.0342465
0.0647351
0.0122961
0.0828059
0.191278
0.307848
0.0170685
0.172374
0.113373
0.29602
0.115684
0.307946
0.40007
0.000352725
0.0176997
0.465477
0.104811
0.147578
0.207135
0.313386
0.252576
0.129377
0.270483
0.229881
0.162667
0.0159705
0.0623016
0.169979
0.220271
0.2373
0.00984618
0.335928
0.11332
0.210962
0.0660277
0.283988
0.226704
0.176707
0.182843
0.0201895
0.0632424
0.104821
0.150056
0.13412
0.268359
0.121859
0.110137
0.145187
0.178684
0.113285
0.0903111
0.299351
0.242684
0.0134164
0.0322114
0.166002
0.454039
0.0582312
0.0671411
0.241638
0.160043
0.0122418
0.0866784
0.307195
0.165578
0.150765
0.149047
0.076933
0.124279
0.231948
0.016237
0.112681
0.254508
0.230899
0.150213
0.00265976
0.215789
0.259742
0.0864161
0.129925
0.206526
0.267146
0.327824
0.00220798
0.122291
0.0108927
0.0714326
0.074485
0.562625
0.0715117
0.0262858
0.143761
0.00871482
0.00405795
0.1177
0.218604
0.0658325
0.0105401
0.0314951
0.114443
0.0234355
0.25547
0.19738
0.197632
0.187742
0.00423003
0.0247399
0.00785707
0.227614
0.132709
0.068532
0.0114423
0.0737926
0.0208968
0.15722
0.400962
0.131501
0.284647
0.0383388
0.168298
0.235855
0.0255889
0.240335
0.697425
0.107431
0.0375128
0.137176
0.13118
0.471483
0.000591025
0.266692
0.0116597
0.0719675
0.091628
0.0106848
0.169439
0.276511
0.0202706
0.146539
0.00476092
0.016275
0.105689
0.139816
0.00923205
0.398305
0.00110787
0.0736066
0.0461333
0.147133
0.0404518
0.181111
0.177426
0.00339875
0.0814371
0.0684849
0.157753
0.0173042
0.32866
0.0247881
0.224739
0.129297
0.000439184
0.120199
0.297637
0.161708
0.269422
0.0526963
0.148434
0.248455
0.288579
0.051108
0.244453
0.498783
0.0414868
0.367681
0.0146335
0.177075
0.283842
0.0422529
0.292188
0.140423
0.1538
0.234647
0.421532
0.263527
0.228811
0.291896
0.120166
0.00430442
0.0704673
0.203281
0.218818
0.496303
0.13871
0.110918
0.159841
0.0559392
0.354213
0.0653655
0.141091
0.0167271
0.00361887
0.281564
0.113559
0.251711
0.0898348
0.128288
0.0336152
0.00729958
0.212466
0.0517594
0.148152
0.189728
0.219713
0.0931974
0.140128
0.203068
0.108202
0.16933
0.0669037
0.253978
0.0692674
0.0203017
0.37924
0.000690421
0.0369915
0.0689932
0.0358329
0.0897839
0.140814
0.231426
0.282873
0.305758
0.163606
0.430193
0.330914
0.0442154
0.0978854
0.0088596
0.258094
0.22783
0.257142
0.0713016
0.153079
0.199898
0.347958
0.0149966
0.0483564
0.213748
0.164085
0.0993607
0.0267289
0.135089
0.246414
0.0686937
0.0117024
0.0331944
0.00227044
0.0376294
0.209378
0.2892
0.0856421
0.0621814
0.0545347
0.141317
0.236685
0.297487
0.145217
0.0709459
0.0752455
0.161206
0.216644
0.116115
0.274761
0.0101385
0.0929156
0.397587
0.0967901
0.325359
0.204231
0.247215
0.202478
0.0404496
0.185821
0.00499425
0.233385
0.0407125
0.00412196
0.23414
0.168288
0.237949
0.00333858
0.176948
0.153552
0.163463
0.0960805
0.116472
0.135648
0.398494
0.0792951
0.00337227
0.0511745
0.174881
0.0116828
0.286484
0.0186932
0.0978764
0.165526
0.0259125
0.040169
0.481682
0.21269
0.29387
0.226171
0.244956
0.332082
0.188201
0.143701
0.104717
0.216322
0.215221
0.204287
0.0253478
0.13662
0.110637
0.255858
0.181646
0.147312
0.287861
0.188145
0.21132
0.323874
0.269967
0.0206881
0.00100341
0.0859045
0.00363314
0.147126
0.196224
0.00842805
0.144122
0.0144271
0.219827
0.145117
0.00169836
0.211531
0.00507355
0.0632036
0.101541
0.0453409
0.126977
0.0123239
0.164903
0.266174
0.145898
0.123636
0.30245
0.0470255
0.0261775
0.213039
0.205069
0.280908
0.148491
0.197136
0.177015
0.0585913
0.244699
0.0125356
0.201288
0.238909
0.21408
0.151277
0.139214
0.282936
0.0880221
0.150244
0.0481698
0.134997
0.0670819
0.0109627
0.237353
0.0578097
0.504215
0.0743834
0.0270711
0.000510334
0.0167467
0.248389
0.200747
0.265154
0.0260375
0.0566024
0.346973
0.0869262
0.33308
0.0136876
0.263618
0.115887
0.00437738
0.188653
0.0544702
0.238823
0.109691
0.201197
0.0550732
0.147174
0.173004
0.318175
0.0399919
0.154319
0.0711539
0.140604
0.138593
0.231287
0.237067
0.200001
0.00357208
0.202158
0.079262
0.17327
0.148963
0.31461
0.0169731
0.127437
0.186542
0.0338584
0.118895
0.111592
0.1775
0.0896266
0.174475
0.0194725
0.018353
0.344099
0.00668485
0.0133071
0.118481
0.132148
0.403587
0.0780859
0.0565591
0.103863
0.0338722
0.0144618
0.148086
0.0550328
0.0588509
0.132881
0.101257
0.00187223
0.271648
0.0592457
0.0510695
0.230676
0.105496
0.260409
0.113036
0.172003
0.235842
0.196101
0.0250806
0.196602
0.0298854
0.270389
0.155882
0.173567
0.00107654
0.0906533
0.0573841
0.00712815
0.205278
0.0234841
0.235495
0.112338
0.000962364
0.185478
0.0290494
0.115961
0.0764033
0.0699605
0.00535595
0.0609844
0.360516
0.216673
0.14516
0.409021
0.141888
0.220714
0.179088
0.0801037
0.234562
0.280391
0.0199992
0.0149843
0.020909
0.0457913
0.184368
0.233859
0.150941
0.0194814
0.033528
0.356221
0.0943005
0.113132
0.0960621
0.0968726
0.0114576
0.0284767
0.228334
0.121908
0.132045
0.00360435
0.2562
0.197535
0.0678575
0.167288
0.230991
0.0440099
0.0285648
0.0713806
0.252115
0.123055
0.200986
0.150692
0.0138335
0.180541
0.34432
0.248644
0.28897
0.195849
0.0319718
0.425908
0.151636
0.00810168
0.128702
0.136165
0.123593
0.0492472
0.130273
0.159895
0.179017
0.116601
0.274872
0.0468663
0.0855592
0.157939
0.0830811
0.988754
0.0800866
0.244836
0.255799
0.0369248
0.12127
0.239796
0.020695
0.305917
0.0455819
0.218906
0.0549186
0.139701
0.2886
0.338133
0.0366404
0.182955
0.481913
0.35183
0.129972
0.0407406
0.152465
0.0256414
0.107529
0.212484
0.172467
0.151413
0.220311
0.200006
0.403712
0.130788
0.198807
0.0760975
0.0504874
0.154154
0.245004
0.0981026
0.218356
0.00768921
0.379611
0.273611
0.0889566
0.0594709
0.0109428
0.143819
0.083186
0.0414124
0.250682
0.0219741
0.250616
0.00357276
0.0485223
0.0903435
0.0172019
0.0093977
0.0929707
0.283828
0.0843056
0.0521562
0.0628082
0.332085
0.00256666
0.201326
0.190396
0.0270698
0.131187
0.369711
0.248249
0.000639113
0.132774
0.048048
0.000931426
0.152328
0.166396
0.233592
0.166743
0.0117378
0.102006
0.326548
0.0932096
0.00392373
0.209996
0.188932
0.171701
0.240167
0.0567821
0.0876374
0.359976
0.0173548
0.115625
0.332399
0.0447519
0.00587965
0.157971
0.0347293
0.0375731
0.245939
0.184453
0.212709
0.00468006
0.125692
0.152173
0.0735157
0.323875
0.149205
0.247643
0.170015
0.189954
0.148445
0.192385
0.00124928
0.174452
0.110226
0.132842
0.037536
0.123579
0.118837
0.0991
0.123554
0.147389
0.0690554
0.184173
0.177367
0.224646
0.291198
0.119515
0.0761833
0.0983304
0.0108348
0.00104224
0.154738
0.179453
0.148741
0.0261112
0.160163
0.135659
0.0816341
0.207066
0.168623
0.109637
0.132172
0.140379
0.0703135
0.156231
0.157579
0.1003
0.200851
0.115072
0.145513
0.114967
0.169036
0.0754564
0.263447
0.182148
0.106337
0.0915301
0.0716831
0.0509439
0.207324
0.149931
0.11975
0.128688
0.0741896
0.147978
0.182091
0.158713
0.131063
0.169876
0.00185895
0.220484
0.411721
0.233785
0.0973799
0.340815
0.296374
0.122359
0.10131
0.133344
0.17732
0.00995426
0.266898
0.163111
0.0160255
0.15275
0.200574
0.267004
0.0542273
0.406589
0.0963902
0.0193828
0.278301
0.0158452
0.0232179
0.0382663
0.179509
0.288689
0.0298547
0.132247
0.100757
0.0280017
0.182835
0.236675
0.123161
0.267593
0.0243387
0.0214949
0.121662
0.0359795
0.0447067
0.103762
0.153586
0.00242861
0.0594523
0.000329365
0.340074
0.196556
0.117252
0.0577257
0.0200657
0.299117
0.0712457
0.0870859
0.270546
0.0153137
0.0533122
0.157144
0.278449
0.0562259
0.17678
0.242954
0.188126
0.251314
0.254256
0.142042
0.247682
0.110628
0.132442
0.0020693
0.184261
0.303218
0.000644403
0.216749
0.165886
0.259175
0.0696856
0.0466761
0.0302327
0.217515
0.181598
0.108613
0.0335353
0.118241
0.029646
0.0666663
0.0753914
0.212115
0.158636
0.22496
0.125819
0.239191
0.176884
0.120657
0.0643144
0.0187055
0.0950613
0.0150626
0.132094
0.0703453
0.101644
0.157012
0.202279
0.186525
0.0422621
0.14886
0.0352664
0.112296
0.0116917
0.124122
0.000197278
0.00581658
0.17547
0.206748
0.0442911
0.0533415
0.168728
0.154587
0.113589
0.129919
0.113053
0.208834
0.140722
0.0624268
0.00663475
0.156205
0.386979
0.147192
0.168506
0.00588576
0.154106
0.110497
0.458867
0.151155
0.0808406
0.402248
0.152869
0.0515033
0.180656
0.0604089
0.0974429
0.0714355
0.155173
0.289297
0.0383824
0.222618
0.0120056
0.160604
0.0280262
0.161919
0.00377485
0.125557
0.289245
0.101687
0.000662613
0.218428
0.226284
0.00730152
0.37866
0.0819112
0.0010303
0.0292432
0.0434593
0.122854
0.138511
0.23027
0.205706
0.0148837
0.0067202
0.55547
0.131785
0.195242
0.00737666
0.11198
0.0728449
0.112949
0.182007
0.036094
0.032282
0.227562
0.0328343
0.276062
0.259331
0.0316277
0.293536
0.564258
0.21418
0.204435
0.0694176
0.1073
0.165899
0.182318
0.33743
0.193447
0.0274998
0.0871378
0.00428197
0.0137639
0.177548
0.263642
0.0627957
0.135763
0.000252787
0.253848
0.215643
0.460258
0.196066
0.139254
0.0208162
0.0293915
0.277369
0.116694
0.093452
0.292875
0.313362
0.00954583
0.243526
0.136592
0.156796
0.255787
0.100013
0.00173826
0.159105
0.563026
0.195916
0.109023
0.00312988
0.00257185
0.0624401
0.279069
0.001299
0.179552
0.0284339
0.315896
0.292126
0.0166649
0.167002
0.142995
0.000956973
0.289033
0.164958
0.232453
0.049003
0.110236
0.130609
0.166939
0.299006
0.102168
0.291441
0.25436
0.0920247
0.0229878
0.167307
0.117548
0.273255
0.0765227
0.158286
0.226509
0.0187093
0.0629406
0.295556
0.019819
0.0703122
0.183762
0.116702
0.155449
0.135707
0.0261908
0.212425
0.575225
0.14301
0.139263
0.11229
0.182784
0.186749
0.128346
0.119151
0.298069
0.108855
0.11211
0.214353
0.25313
0.0577946
0.0274117
0.0465879
0.210561
0.0599296
0.0691923
0.00229528
0.243952
0.23264
0.14096
0.0016148
0.107156
0.0325455
0.2382
0.29147
0.00539963
0.619114
0.16642
0.194735
0.243822
0.017545
0.0164272
0.0342809
0.101961
0.0932089
0.233636
0.0267633
0.290789
0.00418874
0.00220122
0.209963
0.206517
0.100969
0.335787
0.21895
0.193111
0.148698
0.128092
0.0373018
0.18076
0.321783
0.0526799
0.138698
0.62867
0.205034
0.326462
0.193219
0.214943
0.083171
0.230206
0.0295181
0.0548855
0.0265685
0.0384289
0.159856
0.0675327
0.182783
0.0634941
0.0720112
0.112108
0.164995
0.114511
0.00446601
0.000412475
0.0468064
0.276326
0.176775
0.098642
0.127321
0.176934
0.326116
0.0705532
0.256809
0.0674395
5.30495e-05
0.125978
0.0413115
0.0938281
0.0424826
0.17921
0.147944
0.0366561
0.0702189
0.0715836
0.0801586
0.278795
0.241103
0.402449
0.0795989
0.253792
0.0640208
0.13112
0.17429
0.196672
0.510802
0.243333
0.056602
0.244488
0.189449
0.299857
0.229454
0.0260115
0.16355
0.0822059
0.104072
0.18369
0.162747
0.18563
0.0728554
0.0092164
0.0216917
0.135454
0.0524388
0.147875
0.575981
0.0810477
0.00879174
0.0888562
0.309795
0.2499
0.216371
0.00147744
0.183662
0.0904357
0.070714
0.211864
0.177506
0.120012
0.205357
0.449663
0.173686
0.0833836
0.355535
0.075625
0.4337
0.0479155
0.275654
0.124493
0.109095
0.110272
0.277476
0.0678903
0.154949
0.0992326
0.469339
0.137646
0.217452
0.113797
0.235481
0.394792
0.226482
0.12197
0.0258585
0.382891
0.0092221
0.142509
0.209204
0.0202127
0.0329752
0.19325
0.279312
0.0848388
0.115169
0.163264
0.0980624
0.071748
0.297886
0.0137225
0.460946
0.118229
0.00888619
0.223355
0.24571
0.056758
0.152171
0.131255
0.0970505
0.000298433
0.0130596
0.206769
0.438129
0.0558595
0.0943238
0.293976
0.123493
0.124764
0.117915
0.0586488
0.147387
0.110221
0.0389273
0.0535438
0.00273862
0.204274
0.128757
0.504277
0.171406
0.184874
0.194985
0.033655
0.189192
0.196688
0.222965
0.0968089
0.221494
0.253227
0.163143
0.173925
0.0883103
0.168877
0.182645
0.185651
0.044329
0.301883
0.212395
0.160151
0.171918
0.226935
0.167422
0.130191
0.130394
0.211234
0.208483
0.0360448
0.0511983
0.070394
0.0511572
0.117843
0.0337663
0.202313
0.259515
0.111369
0.0200861
0.0277445
0.0170096
0.14189
0.103058
0.0530884
0.174134
0.338592
0.250059
0.252475
0.0123961
0.198826
0.181537
0.0302728
0.0188638
0.13892
0.247659
0.178309
0.0202466
0.00924084
0.0135057
0.0528174
0.00580319
0.191752
0.00109512
0.161741
0.209912
0.0223107
0.133937
0.0095705
0.139122
0.127864
0.161329
0.0914472
0.0863618
0.163734
0.00400579
0.217082
0.131476
0.0922624
0.00675772
0.170127
0.0896944
0.270122
0.152649
0.0791279
0.230027
0.231052
0.191898
0.180712
0.139601
0.0380964
0.157988
0.17096
0.0676242
0.192846
0.021541
0.0301186
0.200269
0.00313286
0.0380687
0.0825721
0.225265
0.277718
0.128446
0.100541
0.0888087
0.112115
0.144912
0.204511
0.169266
0.143767
0.23115
0.0171986
0.0259178
0.0880338
0.185006
0.13971
0.0189964
0.282095
0.238066
0.164355
0.126824
0.303931
0.110235
0.528653
0.0809113
0.0980864
0.00732478
0.0362094
0.00398604
0.105525
0.10493
0.235742
0.000551394
0.220676
0.00573467
0.0222499
0.173021
0.00847024
0.046177
0.0104094
0.00130222
0.124766
0.0295659
0.251451
0.171685
0.0944726
0.103652
0.260243
0.122088
0.284641
0.0224702
0.114618
0.1016
0.182092
0.227157
0.120817
0.261654
0.00538727
0.171426
0.171948
0.0153965
0.116002
0.0714941
0.191649
0.240824
0.129035
0.00355294
0.234988
0.264983
0.154937
0.0208722
0.10626
0.0013724
0.372149
0.109711
0.132962
0.973412
0.248212
0.0373182
0.187451
0.230515
0.509489
0.209973
0.268045
0.0274463
0.0016074
0.210339
0.144319
0.317867
0.121565
0.00197276
0.197724
0.298088
0.0881963
0.358605
0.204068
0.0843659
0.116841
0.0865753
0.220851
0.087461
0.268757
0.297724
0.146969
0.204892
0.135791
0.166671
0.151809
0.369932
0.249378
0.17627
0.104993
0.210698
0.0114385
0.087601
0.155615
0.128854
0.0810702
0.451324
0.157764
0.17202
0.125341
0.150473
0.0741429
0.318992
0.173545
0.134902
0.137899
0.178169
0.0836228
0.0868381
0.289719
0.102494
0.0963884
0.0614065
0.286178
0.227735
0.0838102
0.213082
0.0585907
0.0284119
0.179444
0.0211571
0.20953
0.193217
0.00871798
0.219209
0.0713865
0.137112
0.145792
0.239538
0.135385
0.0235223
0.00818099
0.421106
0.00116954
0.141663
0.395879
0.0555443
0.262333
0.00436881
0.0787666
0.144863
0.242165
0.163587
0.0716082
0.285759
0.0315667
0.231175
0.00225929
0.21581
0.11745
0.280672
0.0949228
0.293447
0.102513
0.00471221
0.138026
0.105189
0.341069
0.1667
0.0530887
0.0425367
0.0552149
0.060158
0.149864
0.211245
0.21516
0.178769
0.244994
0.0712804
0.166943
0.0599474
0.187251
0.0147152
0.0790825
0.244935
0.203486
0.0955274
0.606704
0.30663
0.0750287
0.0549974
0.228918
0.016659
0.179369
0.0147259
0.273783
0.0192238
0.125955
0.000681991
0.141698
0.276879
0.144967
0.205956
0.0561705
0.130679
0.0739742
0.047382
0.037988
0.23222
0.0224836
0.279407
0.0358945
0.132966
0.324803
0.0679025
0.350274
0.307555
0.0480695
0.25968
0.188269
0.0694836
0.00415157
0.265188
0.0210003
0.126836
0.139229
0.137649
0.0062968
0.159167
0.0918851
0.0710909
0.0568314
0.0169165
0.0213906
0.00426309
0.135416
0.0651591
0.201432
0.157554
0.252102
0.226549
0.113256
0.166287
0.134713
0.253358
0.0410168
0.273542
0.0508326
0.00710483
0.1086
0.264425
0.0599053
0.0264476
0.0699201
0.0912033
0.245932
0.0610417
0.101447
0.0255911
0.27167
0.262963
0.486014
0.10213
0.0302747
0.231125
0.368943
0.00957588
0.218775
0.0251813
0.279649
0.1354
0.188402
0.309009
0.408174
0.0529286
0.218559
0.0742175
0.0808735
0.0624201
0.128921
0.00520592
0.236216
0.120817
0.143973
0.0934994
0.147526
0.0184908
0.0845119
0.151322
0.155688
0.256805
0.0191179
0.222243
0.00446944
0.251925
0.0159122
0.00039861
0.082501
0.253867
0.147391
0.0261844
0.0729087
0.0920497
0.0544332
0.111163
0.0316792
0.107749
0.0577202
0.356568
0.0268277
0.177577
0.303767
6.227e-05
0.0122635
0.141147
0.0393265
0.104318
0.116479
0.025638
0.155036
0.331119
0.107405
0.120111
0.103912
0.198277
0.135088
0.0923459
0.210886
0.135873
0.029348
0.272106
0.306124
0.276522
0.0608895
0.0302249
0.101373
0.0684018
0.320141
0.18906
0.0521575
0.0199991
0.131912
0.118891
0.0927467
0.0542726
0.0910411
0.268697
0.0706811
0.223276
0.155669
0.233494
0.066162
0.132144
0.421069
0.229519
0.123848
0.0175198
0.328459
0.124381
0.200577
0.219267
0.0636482
0.0839868
0.101954
0.081725
0.256794
0.343473
0.00647436
0.145106
0.0673675
0.00055896
0.0360336
0.412529
0.459072
0.0104323
0.14811
0.209913
0.185321
0.23771
0.0384986
0.144196
0.191877
0.22105
0.29258
0.069723
0.206715
0.350927
0.139251
0.217204
0.0037926
0.111011
0.0478281
0.284799
0.172983
0.0188421
0.0561853
0.451327
0.13621
0.204978
0.181902
0.00506164
0.238698
0.155891
0.206822
0.00457031
0.00872663
0.308906
0.194393
0.290592
0.357326
0.0767557
0.166444
0.14533
0.0836942
0.0494599
0.294301
0.0126187
0.260992
0.153646
0.0337998
0.190202
0.138746
0.0658232
0.23603
0.118313
0.00617235
0.0179007
0.0918374
0.108109
0.148525
0.00695772
0.220718
0.0213939
0.105263
0.0220583
0.189472
0.209235
0.0171853
0.0233033
0.0026414
0.050913
0.12789
0.26942
0.110417
0.00354735
0.209831
0.223387
0.13767
0.220392
0.122587
0.227343
0.154218
0.000178377
0.202623
0.128558
0.259348
0.16509
0.0154669
0.233757
0.0773249
0.0672347
0.00540547
0.000357676
0.00257686
0.384415
0.135378
0.134616
0.282934
0.148083
0.0960008
0.0942004
0.233226
0.0645122
0.0840086
0.110211
0.474715
0.294837
0.255619
0.0298488
0.177633
0.362443
0.835143
0.180453
0.131858
0.0629262
0.195049
0.157552
0.162399
0.34526
0.377241
0.17327
0.335992
0.285348
0.32643
0.196067
0.0799769
0.130312
0.215637
0.0371342
0.201908
0.107038
0.165071
0.0694263
0.0368547
0.246154
0.0155017
0.0528745
0.110455
0.189687
0.106257
0.126665
0.00842645
0.0214916
0.0314839
0.180725
0.303785
0.0258924
0.175968
0.0356917
0.214451
0.194455
0.14625
0.148548
0.00609021
0.149225
0.157573
0.114534
0.175141
0.0245545
0.138579
0.0369658
0.0359323
0.0267936
0.00254907
0.0747287
0.160261
0.0899927
0.108019
0.0419363
0.191931
0.131773
0.194393
0.0173633
0.143319
0.0406535
0.127562
0.262389
0.237934
0.113161
0.0293666
0.0285538
0.0934424
0.255207
0.0129975
0.112083
0.172871
0.160028
0.192612
0.00993215
0.240756
0.000960096
0.167891
0.127945
0.110529
0.0681709
0.551732
0.00479549
0.00138067
0.00792754
0.189501
0.201348
0.179012
0.118341
0.0953843
0.11534
0.281112
0.184621
0.0629437
0.100142
0.211913
0.0832206
0.158644
0.0277655
0.100528
0.226776
0.0478906
0.00146223
0.302151
0.00434099
0.0133127
0.0347848
0.109237
0.136207
0.513742
0.186667
0.36049
0.26493
0.0272234
0.243874
0.00289129
0.0042786
0.0483478
0.245353
0.0146157
0.0923867
0.25034
0.139413
0.262002
0.310783
0.548636
0.178914
0.163734
0.111108
0.115365
0.302579
0.155906
0.0910523
0.00308974
0.243737
0.176577
0.0830223
0.176969
0.192758
0.0292627
0.115061
0.154145
0.124476
0.0864653
0.0408584
0.0205703
0.0313913
0.0209402
0.17507
0.00383045
0.0590201
0.0378213
0.21877
0.131004
0.258566
0.125387
0.037173
0.0776748
0.0501861
0.241164
0.000797052
0.257413
0.0927199
0.329475
0.141426
0.0390052
0.0528816
0.0104544
0.0242607
0.0117134
0.0496225
0.0874245
0.0553368
0.0999614
0.0991211
0.158819
0.204618
0.144991
0.195457
0.223989
0.154097
0.0210001
0.146389
0.254957
0.0424186
0.013192
0.325464
0.327832
0.110936
0.194423
0.00845436
0.323741
0.176761
0.0830815
0.272722
0.0014293
0.0810682
0.109485
0.0795868
0.150975
0.165648
0.0105999
0.211612
0.00324333
0.160868
0.14888
0.331893
0.0775655
0.192484
0.31321
0.0481307
0.14892
0.0117906
0.0180702
0.266275
0.123728
0.0566161
0.213122
0.15063
0.187363
0.130059
0.184651
0.314982
0.221619
0.225871
0.210352
0.256254
0.147611
0.149768
0.0198213
0.0329938
0.189448
0.0820787
0.261078
0.0442856
0.354951
0.226327
0.0990289
0.0708505
0.211127
0.234269
0.303461
0.107122
0.200594
0.253563
0.00705303
0.125208
0.00302798
0.0359145
0.101586
0.380427
0.165984
0.186662
0.140887
0.0734061
0.198358
0.446704
0.179436
0.284112
0.30654
0.0482058
0.293167
0.0925577
0.152406
0.201477
0.038994
0.125563
0.121767
0.117375
0.0192979
0.212858
0.146877
0.00397299
0.147554
0.232381
0.119316
0.0223355
0.00933336
0.248854
0.0109912
0.304542
0.113399
0.188623
0.146846
0.058049
0.245414
0.266217
0.237875
0.00258216
0.167932
0.205425
0.130233
0.00966562
0.156749
0.106426
0.34057
0.175445
0.128448
0.030795
0.200797
0.24964
0.179676
0.417045
0.00490097
0.250152
0.140133
0.1611
0.108566
0.149206
0.181466
0.179613
0.138626
0.0168104
0.0031516
0.0247827
0.153673
0.0348564
0.0656188
0.121173
0.00523445
0.000279844
0.132421
0.18464
0.0817893
0.185666
0.182219
0.230629
0.0340171
0.133719
0.182134
0.0524611
0.0329982
0.110408
0.214333
0.167861
0.202256
0.116979
0.136792
0.0781977
0.151881
0.308003
0.149516
0.0553848
0.0646946
0.144422
0.359057
0.406991
0.0403257
0.183358
0.108673
0.00778326
0.0347785
0.192986
0.0776996
0.0472172
0.100283
0.120067
0.103416
0.320829
0.00740873
0.0733557
0.118997
0.175439
0.00692124
0.164819
0.115943
0.116083
0.190323
0.02728
0.230402
0.315648
0.212417
0.0287996
0.00496004
0.219607
0.0249625
0.000405304
0.20214
0.18884
0.0112795
0.230919
0.134661
0.184031
0.180183
0.0378996
0.0287803
0.145371
0.178881
0.106771
0.435213
0.0296273
0.00084271
0.206074
0.0453179
0.28905
0.0204407
0.0600241
0.372931
0.199497
0.00751645
0.178178
0.261903
0.110062
0.0266343
0.185375
0.11152
0.00161552
0.00612749
0.357323
0.178421
0.0206551
0.169934
0.153529
0.00659872
0.0881884
0.121104
0.12329
0.467146
0.00301964
0.00208183
0.154419
0.0409381
0.241917
0.077862
0.307176
0.125827
0.254723
0.14305
0.0661661
0.295448
0.252804
0.236288
0.0279057
0.0319275
0.18418
0.226314
0.0356799
0.0632028
0.435014
0.182141
0.187651
0.0522132
0.155135
0.209047
0.12261
0.269488
0.188441
0.0915245
0.302738
0.334491
0.00381219
0.0252319
0.0583668
0.294988
0.00220556
0.183432
0.0899075
0.262686
0.0557324
0.17004
0.36961
0.233239
0.00297234
0.335874
0.0841286
0.119688
0.0148037
0.254215
0.175515
4.42278e-05
0.0367897
0.00339912
0.130718
0.0124784
0.151963
0.0563719
0.204879
0.0952335
0.259164
0.0174637
0.131557
0.0148119
0.101107
0.0734759
0.285278
0.0958096
0.200302
0.259378
0.127281
0.00951478
0.357053
0.0172801
0.001292
0.0339583
0.104943
0.13948
0.401666
0.209656
0.0292403
0.156573
0.0222736
0.342553
0.0841087
0.0158407
0.26595
0.0527845
0.267041
0.139294
0.0982503
0.255427
0.320665
0.198615
0.169066
0.142448
0.0774098
0.357208
0.0407153
0.282381
0.0170319
0.00224011
0.0733874
0.292428
0.255285
0.00874159
0.104436
0.0200662
0.0899444
0.00153793
0.00660056
0.178578
0.0876326
0.0894874
0.130986
0.00086908
0.105296
0.340928
0.00791424
0.0122226
0.133231
0.144816
0.213781
0.0936539
0.0287006
0.198027
0.0469225
0.071539
0.241454
0.198952
0.237575
0.0101915
0.0683818
0.181609
0.080898
0.61216
0.114936
0.153578
0.0119711
0.128039
0.144585
0.00174323
0.223447
0.12
0.044226
0.013651
0.187255
0.131959
0.189474
0.0637053
0.0978308
0.0997154
0.112589
0.181144
0.000256453
0.271718
0.00179879
0.0874292
