2.17196
1.45723
1.82422
1.29636
1.25708
1.51754
1.15479
1.17841
0.818607
0.724793
0.651874
1.59868
0.770501
0.988879
0.589234
1.58113
0.900777
0.78875
0.903877
1.12256
0.787575
1.06262
0.590053
0.540645
0.600084
0.63372
0.867903
1.18729
0.496462
1.11262
1.1476
0.755845
1.05031
0.987109
0.875886
0.781702
0.973922
1.21352
0.801264
1.02696
0.605316
0.45156
0.566423
1.0546
0.734193
0.869909
0.671929
0.554263
1.2088
0.571265
0.729239
0.759562
0.637344
0.718939
0.608336
1.01356
0.865952
0.883159
0.871101
0.929018
0.969214
0.753635
0.756975
0.83736
0.68748
1.08449
0.6616
0.770896
1.18641
0.653263
0.852568
0.70413
0.933575
0.87723
0.95035
0.880261
0.651111
0.570634
1.04302
1.1706
1.24421
0.619277
1.02313
1.18807
0.748123
0.467977
0.986223
0.788319
0.618479
1.06936
0.837163
0.568847
0.556462
0.833845
0.803124
0.538528
0.774895
0.961968
0.497975
0.847564
0.662572
0.997517
0.409662
0.61035
0.854505
0.774082
0.751122
0.510861
0.638131
0.488713
0.789997
0.900742
1.02921
1.16434
0.642555
0.794065
0.622022
0.835517
0.516807
0.425827
0.946083
1.06176
0.680713
0.81567
0.459619
0.704422
0.783655
1.01159
0.513651
0.673853
0.690765
0.798946
1.08831
1.00917
0.705799
0.705343
0.700103
0.797369
0.641935
0.539075
0.573049
0.720218
0.728197
0.668423
0.557889
1.41225
1.02675
0.473399
0.691585
0.940569
0.829569
0.811915
0.514295
0.793063
0.690134
0.81531
0.76062
0.528784
0.592015
0.579427
0.757362
0.6683
0.562401
0.724303
0.627657
0.486345
0.745546
0.671236
0.682834
0.479742
0.786686
0.581446
1.09179
0.695347
0.741863
0.798977
0.557831
0.654788
0.713023
0.911648
0.666235
0.728149
1.0825
0.578756
0.458243
0.552979
0.510566
0.869918
0.425195
0.574485
0.72526
0.899066
0.667504
0.879559
0.847323
0.985598
0.964188
0.538152
0.56791
0.328341
0.504307
0.550067
0.949515
0.693064
0.611376
0.929096
0.73403
0.708534
0.95024
0.73653
0.4073
0.739584
0.523786
0.695018
0.57237
0.737268
0.90878
0.64893
0.331036
0.839235
0.697859
0.505742
0.694931
0.695175
0.401876
1.0353
0.54682
0.422617
0.582709
0.728801
0.518278
0.995933
0.771088
0.294957
0.678301
0.507679
0.744671
0.632431
0.66734
0.556664
0.536823
0.90133
0.660753
0.426394
0.611622
0.667338
0.69606
0.768176
0.820698
0.553522
0.714062
0.512723
0.459875
0.547607
0.818778
0.659609
0.769088
0.537804
0.697829
0.76757
0.636738
0.793282
0.37618
0.670716
1.04322
0.42994
0.706277
0.705372
0.908862
0.602155
0.623255
0.508153
0.857318
0.928762
0.815018
0.30388
0.778006
0.588419
0.557852
0.889122
0.809591
0.85446
0.928628
0.670328
0.534538
0.656311
0.419785
0.702385
0.653156
0.486337
0.58946
0.613612
0.608878
0.973929
0.527103
0.644447
0.677107
0.727121
0.474604
0.440565
0.59147
0.721289
0.620791
0.465591
0.59671
0.446245
0.522428
0.575622
0.522205
0.498246
0.800646
0.59589
0.619172
0.837378
0.301168
0.782878
0.607642
0.55853
0.621935
0.426156
0.724288
0.748524
0.86319
0.347091
0.710799
0.896793
0.626424
0.692984
0.74831
0.934969
0.571505
0.630981
0.573156
0.864459
0.433608
0.533833
0.607953
0.700012
0.521357
0.739306
0.983624
0.391601
0.693126
0.471793
0.713238
0.553371
0.520769
0.439897
0.789432
0.829294
0.636573
0.533113
0.797001
0.707401
0.849361
0.564909
0.733845
0.906875
0.587899
0.442124
0.737517
0.726263
0.570998
0.452677
0.557565
0.828765
0.918325
0.508301
0.802964
0.709434
0.546664
0.610794
0.694519
0.589531
0.595576
0.671424
0.611711
0.550784
0.798866
0.717585
0.85164
0.45031
0.534175
0.40237
0.622161
0.710404
0.457325
0.630746
0.349382
0.857407
0.647479
0.60681
0.660923
0.576228
0.514897
0.672734
0.531054
0.683623
0.699352
0.518493
0.508216
0.612707
0.601115
0.382762
0.589682
0.691009
0.438394
0.470725
0.796299
0.462899
0.609301
0.614149
0.633115
0.705494
0.587629
0.48632
0.693994
0.511878
0.664284
0.369865
0.64277
0.515136
0.480914
0.981404
0.590338
0.581756
0.878489
0.428974
0.51553
0.82696
0.606428
0.531663
0.657968
0.499741
0.714547
0.814988
0.707482
0.450325
0.609733
0.493392
0.327115
0.638967
0.709316
0.607403
1.03185
0.510077
0.328233
0.624125
0.614228
0.749032
0.484959
0.551947
0.603475
0.674301
0.365519
0.630263
0.331742
0.764195
0.548617
0.418816
0.691382
0.834125
0.525592
0.212649
0.72404
0.50655
0.811731
0.86247
0.663995
0.608496
0.71875
1.07387
0.548327
0.483359
0.659195
0.537054
0.597641
0.358395
0.494528
0.808927
0.551679
0.602417
0.770453
0.429364
0.687283
0.363671
0.327658
0.480094
0.672232
0.698557
0.529396
0.498508
0.481596
0.684137
0.493933
0.811754
0.501058
0.514907
0.333522
0.609267
0.618133
0.954727
0.702503
0.735397
0.676009
0.702584
1.2125
0.58053
0.456921
0.621707
0.512289
0.741121
0.745226
0.421575
0.626631
0.405177
0.537893
0.709213
0.624082
0.639422
0.448655
1.04213
0.457496
0.736534
0.90726
0.739282
0.515185
0.608566
0.695661
0.748805
0.620814
0.284739
0.638079
0.305938
0.413851
0.423876
0.632348
0.790363
0.609644
0.551207
0.567372
0.439536
0.627803
0.826133
0.407337
0.622907
0.72292
0.416669
0.412929
0.739944
0.516025
0.691776
0.478787
0.669515
0.437963
0.613207
0.490332
0.463074
0.777432
0.567604
0.324638
0.564466
0.433477
0.617352
0.552423
0.40017
0.646382
0.576635
0.536948
0.331411
0.41458
0.569403
0.701957
0.5033
0.439204
0.688861
0.806909
0.225179
0.420404
0.340057
0.549182
0.581866
0.508328
0.968239
0.652734
0.443273
0.524945
0.576289
0.593689
0.650586
0.488603
0.461258
0.597552
0.358265
0.697062
0.631899
0.646581
0.388937
0.495153
0.678699
0.39591
0.585781
0.757031
0.667251
1.05739
0.367699
0.290726
0.715809
0.646202
0.50645
0.717904
0.532318
0.528908
0.649061
0.575248
0.647432
0.781118
0.757479
0.546766
0.511954
0.505639
0.449084
0.887168
0.462879
0.582901
0.505757
0.643952
0.444519
0.680822
0.428712
0.514517
0.865043
0.506206
0.475372
0.579518
0.607822
0.720713
0.696514
0.598462
0.994726
0.488644
0.69724
0.575624
0.539264
0.809829
0.738426
0.820344
0.555523
0.640201
0.543661
0.602291
0.373516
0.504849
0.72175
0.473226
0.609647
0.559882
0.374956
0.516804
0.631224
0.573875
0.629911
0.357809
0.548403
0.701358
0.874173
0.524913
0.494934
0.295538
0.156982
0.413204
0.630387
0.546482
0.384723
0.585279
0.453922
0.357379
0.442068
0.514154
0.561743
0.722633
0.569961
0.687986
0.513785
0.497391
0.537709
0.515612
0.549112
0.634498
0.464699
0.411132
0.247827
0.555831
0.507657
0.449917
0.649451
0.518862
0.717962
0.249875
0.586897
0.742063
0.409616
0.525573
0.706565
0.486283
0.960633
0.66645
0.617695
0.465965
0.7397
0.631894
0.368344
0.609141
0.519694
0.437248
0.734296
0.593144
0.559946
0.536325
0.347944
0.43432
0.502229
0.689401
0.391055
0.522677
0.740994
0.564947
0.643217
0.44149
0.57394
0.368494
0.638265
0.454447
0.450034
0.679581
0.500816
0.607993
0.586306
0.477152
0.456241
0.585819
0.585099
0.458466
0.489334
0.584782
0.66538
0.684255
0.651361
0.464905
0.684354
0.755123
0.611522
0.580987
0.209657
0.637785
0.404595
0.501639
0.371453
0.6585
0.581291
0.571304
0.68686
0.443837
0.532104
0.550954
0.61163
0.501623
0.412937
0.397189
0.695215
0.389077
0.408401
0.835864
0.618373
0.479295
0.2733
0.905057
0.546778
0.536792
0.626667
0.503992
0.827724
0.693124
0.467485
0.371018
0.620067
0.670912
0.837429
0.522216
0.643745
0.440799
0.378915
0.60604
0.537626
0.549941
0.614132
0.579059
0.404116
0.621378
0.336784
0.864049
0.442503
0.430921
0.347063
0.319822
0.46207
0.505408
0.520268
0.618079
0.411628
0.467442
0.318391
0.45733
0.366436
0.562512
0.359691
0.401363
0.485422
0.452629
0.442228
0.703146
0.3408
0.337814
0.778326
0.419137
0.537367
0.684836
0.454622
0.483267
0.338823
0.561196
0.404253
0.466946
0.590069
0.632624
0.339801
0.499795
0.634381
0.62733
0.327987
0.521195
0.527824
0.538228
0.594396
0.392168
0.593426
0.614378
0.412957
0.634767
0.886814
0.490727
0.804064
0.440516
0.504686
0.475356
0.422015
0.729165
0.342253
0.530967
0.623217
0.484369
0.568478
0.566429
0.817417
0.721664
0.549703
0.469938
0.206024
0.491336
0.286929
0.528677
0.730168
0.405906
0.353267
0.509446
0.756494
0.700165
0.514521
0.555961
0.643327
0.792593
0.349126
0.575
0.56859
0.467097
0.458623
0.666302
0.469951
0.659436
0.555703
0.55162
0.390562
0.544241
0.33337
0.417905
0.555796
0.999231
0.337841
0.381575
0.830134
0.544777
0.503651
0.54525
0.50281
0.637472
0.232309
0.377884
0.410449
0.637003
0.34664
0.336491
0.639193
0.712132
0.483236
0.458949
0.501915
0.419064
0.554687
0.740806
0.749016
0.660698
0.510816
0.374596
0.436968
0.612589
0.404189
0.5089
0.554875
0.553375
0.379634
0.641134
0.506167
0.435381
0.768675
0.550968
0.366719
0.727098
0.722865
0.53204
0.477606
0.676337
0.448934
0.221169
0.736697
0.382072
0.574223
0.433467
0.594336
0.589924
0.377412
0.477615
0.372242
0.706431
0.593193
0.880912
0.550636
0.384434
0.436604
0.507114
0.647418
0.521556
0.335117
0.44766
0.496516
0.361133
0.569209
0.608911
0.676137
0.718615
0.451539
0.414156
0.485511
0.509738
0.528195
0.449415
0.638797
0.784689
0.430945
0.378371
0.501357
0.501819
0.417398
0.410743
0.865017
0.506236
0.437888
0.418193
0.437178
0.603645
0.55858
0.47352
0.44538
0.473103
0.505371
0.573563
0.603171
0.748877
0.639869
0.457495
0.536239
0.589119
0.44231
0.39824
0.410124
0.426289
0.394954
0.364051
0.551903
0.29665
0.395273
0.535509
0.360685
0.566622
0.365951
0.374591
0.407023
0.658423
0.389698
0.65471
0.603505
0.59932
0.582192
0.48066
0.60515
0.387376
0.415774
0.448026
0.518094
0.630076
0.565381
0.499841
0.556526
0.386682
0.657177
0.440352
0.742437
0.54834
0.546787
0.744171
0.527789
0.464217
0.384372
0.447087
0.54215
0.348714
0.613247
0.475433
0.472028
0.410935
0.315168
0.373795
0.301609
0.492965
0.321732
0.533805
0.671773
0.415656
0.466406
0.588854
0.483644
0.666997
0.55094
0.519076
0.570161
0.636736
0.444339
0.659952
0.577809
0.442235
0.384225
0.558426
0.487566
0.314663
0.524579
0.413982
0.470846
0.599526
0.549406
0.521931
0.713052
0.456887
0.312573
0.518202
0.438239
0.599024
0.360099
0.570275
0.523361
0.39807
0.404328
0.491112
0.374947
0.455774
0.597093
0.540982
0.681206
0.390797
0.513774
0.559385
0.432414
0.899728
0.448923
0.658798
0.675296
0.496773
0.627092
0.602539
0.407678
0.701151
0.613445
0.415981
0.452084
0.779152
0.495151
0.409099
0.725243
0.349028
0.672184
0.610325
0.507174
0.436691
0.424891
0.567966
0.678341
0.580123
0.492856
0.658887
0.567558
0.531133
0.312554
0.595336
0.543764
0.39823
0.569693
0.761501
0.475507
0.530041
0.419205
0.478417
0.741138
0.379619
0.479876
0.646896
0.337937
0.566051
0.374232
0.562187
0.540653
0.720646
0.331218
0.658821
0.47916
0.406586
0.437157
0.676878
0.533277
0.621542
0.424714
0.232727
0.520149
0.682531
0.386167
0.558727
0.625306
0.469768
0.453282
0.534151
0.708034
0.727339
0.469512
0.605275
0.587219
0.461087
0.613985
0.538375
0.73329
0.561209
0.647998
0.376587
0.29182
0.389907
0.477232
0.385309
0.543046
0.364901
0.145636
0.411799
0.361058
0.397471
0.661915
0.517609
0.519552
0.480339
0.825023
0.462869
0.288381
0.620114
0.708176
0.729351
0.500828
0.503922
0.618643
0.464522
0.337446
0.478505
0.448856
0.568832
0.4269
0.495182
0.291465
0.568562
0.505384
0.531321
0.354316
0.509538
0.284838
0.377108
0.402386
0.551412
0.411732
0.659337
0.644852
0.578751
0.420433
0.935633
0.47564
0.345708
0.633935
0.468753
0.559865
0.613659
0.717925
0.537171
0.534378
0.333353
0.551977
0.587292
0.516268
0.444257
0.703552
0.398512
0.379885
0.314142
0.571618
0.436974
0.516668
0.572759
0.669281
0.587404
0.456522
0.497699
0.560147
0.59182
0.223231
0.527458
0.596693
0.417793
0.646836
0.608237
0.446255
0.315599
0.668253
0.428687
0.626566
0.316399
0.432492
0.558843
0.535217
0.285699
0.526304
0.520858
0.534535
0.604474
0.411963
0.838482
0.454992
0.376177
0.480163
0.395892
0.381599
0.490052
0.439467
0.381526
0.554397
0.782681
0.538729
0.537199
0.442518
0.30151
0.626718
0.562412
0.548661
0.296767
0.582398
0.519305
0.264502
0.675212
0.693612
0.670431
0.521768
0.230193
0.505638
0.597934
0.530865
0.473268
0.510204
0.713062
0.305882
0.333114
0.476347
0.50848
0.699716
0.551015
0.482872
0.384516
0.309889
0.56277
0.523126
0.892429
0.584861
0.411183
0.48785
0.449107
0.440938
0.620369
0.311288
0.411229
0.496604
0.403463
0.580951
0.347325
0.44882
0.491168
0.391452
0.492756
0.729924
0.778014
0.500427
0.605103
0.337471
0.497698
0.267604
0.542132
0.607596
0.514482
0.563479
0.512139
0.561104
0.568953
0.395524
0.708761
0.518826
0.481775
0.59622
0.612027
0.474485
0.571515
0.448374
0.499462
0.63136
0.514071
0.434976
0.679286
0.516379
0.380339
0.384711
0.358613
0.521468
0.516521
0.583623
0.5922
0.313704
0.495551
0.518417
0.678205
0.40374
0.623371
0.528229
0.654967
0.4592
0.366646
0.670279
0.466604
0.659994
0.456731
0.365195
0.447726
0.542647
0.424125
0.517521
0.518459
0.534935
0.40512
0.529681
0.50222
0.486067
0.68574
0.652243
0.429384
0.401958
0.462535
0.398669
0.382223
0.435491
0.560223
0.355791
0.527294
0.379822
0.608196
0.540208
0.526221
0.403494
0.622131
0.166167
0.388608
0.564541
0.723523
0.499412
0.427543
0.304544
0.521608
0.561355
0.384521
0.410138
0.276326
0.403926
0.35142
0.385025
0.501948
0.443956
0.452137
0.59808
0.480914
0.505463
0.414802
0.275658
0.446747
0.465225
0.522624
0.446098
0.45905
0.370667
0.644238
0.500732
0.397457
0.694304
0.583036
0.512975
0.372557
0.368189
0.350202
0.399384
0.448867
0.356596
0.35415
0.714921
0.342489
0.401169
0.293839
0.471063
0.242641
0.48432
0.477394
0.578357
0.526999
0.802958
0.300107
0.53684
0.527735
0.48832
0.408597
0.484593
0.432358
0.435333
0.47391
0.43898
0.410593
0.381128
0.506921
0.441769
0.444675
0.44504
0.358768
0.460035
0.244248
0.3695
0.584939
0.531121
0.226715
0.518681
0.402128
0.24623
0.392043
0.404431
0.566846
0.430689
0.53574
0.643692
0.410417
0.372171
0.42816
0.558233
0.43679
0.535332
0.27256
0.39239
0.556969
0.481791
0.580109
0.474196
0.615988
0.679811
0.508885
0.4398
0.311038
0.304751
0.366747
0.617324
0.267279
0.497639
0.583912
0.431069
0.519278
0.567406
0.504882
0.504096
0.587677
0.357523
0.506485
0.206135
0.59953
0.448654
0.36028
0.374545
0.492922
0.586917
0.596739
0.399839
0.464969
0.489849
0.517422
0.356525
0.423266
0.432786
0.308236
0.77692
0.601948
0.337488
0.613925
0.535381
0.64321
0.295491
0.350491
0.587804
0.428096
0.352783
0.581309
0.569392
0.414714
0.592915
0.275442
0.235403
0.686216
0.44239
0.394432
0.249223
0.545647
0.598915
0.410886
0.52247
0.333995
0.569147
0.295542
0.394256
0.489945
0.53019
0.435458
0.464647
0.5096
0.561871
0.245197
0.658631
0.318978
0.47396
0.663245
0.506142
0.488509
0.466722
0.418969
0.500363
0.410389
0.614079
0.367903
0.411373
0.512974
0.313224
0.632984
0.361305
0.653628
0.575085
0.458795
0.617528
0.466172
0.531701
0.413916
0.506292
0.527187
0.300299
0.262442
0.626279
0.575216
0.457701
0.580465
0.464487
0.449029
0.525945
0.493744
0.614581
0.654521
0.60312
0.50414
0.455656
0.311555
0.402472
0.514848
0.420804
0.344462
0.338844
0.475695
0.556715
0.584909
0.479451
0.520313
0.441572
0.50416
0.393819
0.330625
0.249234
0.390733
0.459138
0.509616
0.659842
0.456833
0.359232
0.500297
0.388174
0.512337
0.56846
0.379058
0.448687
0.291597
0.37704
0.476341
0.467233
0.503496
0.591965
0.347496
0.472268
0.508862
0.401538
0.376578
0.453293
0.512135
0.439108
0.539868
0.701286
0.38114
0.561457
0.558679
0.488839
0.50508
0.321702
0.490607
0.514537
0.490206
0.544482
0.389241
0.579252
0.343075
0.402103
0.490571
0.574254
0.386053
0.562487
0.453834
0.49172
0.295547
0.393967
0.50176
0.665387
0.34919
0.527379
0.398532
0.40725
0.222686
0.3601
0.539589
0.424596
0.436018
0.292546
0.273277
0.46467
0.56703
0.49994
0.571497
0.490811
0.427627
0.368216
0.413202
0.382823
0.328614
0.35022
0.491335
0.40134
0.648475
0.541136
0.223711
0.557823
0.308524
0.456179
0.560293
0.543999
0.507226
0.628036
0.381377
0.51456
0.363352
0.582299
0.525258
0.396714
0.278762
0.571127
0.271197
0.600213
0.331894
0.539945
0.357146
0.41897
0.432442
0.491763
0.405763
0.591792
0.471954
0.401285
0.524876
0.444368
0.40274
0.465559
0.5308
0.279347
0.547526
0.545434
0.599316
0.489158
0.583637
0.306982
0.495703
0.43229
0.309282
0.44378
0.632141
0.534514
0.670362
0.349759
0.248385
0.393242
0.444545
0.535449
0.581056
0.302303
0.399036
0.5429
0.360739
0.460555
0.47812
0.496387
0.416366
0.456793
0.35328
0.613322
0.540011
0.755831
0.59069
0.620905
0.551943
0.401796
0.565514
0.571971
0.370931
0.277915
0.379253
0.271984
0.474708
0.443593
0.316091
0.291947
0.414441
0.515702
0.45229
0.428933
0.416322
0.304742
0.466535
0.431135
0.387758
0.398963
0.397322
0.523923
0.451632
0.41576
0.425097
0.426132
0.214265
0.247974
0.581807
0.348607
0.536419
0.221443
0.25234
0.476038
0.410975
0.529698
0.357017
0.705898
0.333472
0.542908
0.405421
0.436023
0.275821
0.495103
0.534295
0.495648
0.585147
0.506851
0.738487
0.581237
0.346936
0.545191
0.442557
0.485799
0.514634
0.381037
0.240626
0.495955
0.332992
0.607805
0.342513
0.297065
0.274179
0.627903
0.507791
0.761908
0.218983
0.396114
0.723111
0.458628
0.391776
0.317098
0.472416
0.579833
0.525589
0.429959
0.442453
0.487108
0.420581
0.46364
0.475092
0.331835
0.517388
0.409037
0.430312
0.397332
0.459765
0.57807
0.493293
0.317463
0.608139
0.533785
0.519628
0.481842
0.303727
0.511255
0.536156
0.499558
0.380912
0.501474
0.451115
0.439311
0.644235
0.397564
0.546263
0.564432
0.374021
0.627468
0.443248
0.314229
0.423229
0.461241
0.410056
0.328177
0.481659
0.41916
0.188689
0.378249
0.342979
0.341689
0.507984
0.360125
0.377227
0.357625
0.52818
0.743091
0.463401
0.448352
0.42769
0.409113
0.705925
0.599533
0.428111
0.396342
0.427864
0.604562
0.523678
0.47809
0.450983
0.522289
0.33525
0.376842
0.431511
0.572471
0.406185
0.632585
0.42107
0.450559
0.462302
0.487254
0.520014
0.601694
0.694217
0.412855
0.468069
0.375746
0.453108
0.471797
0.503798
0.461023
0.476885
0.370799
0.57328
0.554357
0.789373
0.40906
0.231981
0.348271
0.470735
0.415075
0.344824
0.675109
0.462322
0.447788
0.571068
0.491768
0.379127
0.299744
0.413157
0.441338
0.147899
0.418836
0.438526
0.417811
0.542928
0.584768
0.354445
0.358411
0.515815
0.494077
0.37469
0.372555
0.347689
0.349325
0.339738
0.422305
0.711453
0.389469
0.474364
0.402408
0.401734
0.460307
0.403876
0.556373
0.288262
0.360772
0.456988
0.378807
0.412494
0.512602
0.549541
0.831516
0.537261
0.439581
