006679 708 173 780 240
006699 17 154 293 272
007060 49 180 151 250
007108 133 180 237 248
007291 253 174 457 316
006372 711 165 825 261
006436 3 191 157 252
006616 1126 124 1239 200
006659 730 167 899 319
006673 274 177 444 238
006917 1 219 119 375
006920 179 168 462 371
007041 929 160 1227 290
007391 1 176 142 293
007415 61 175 252 266
006481 73 186 205 253
006507 32 174 167 245
006531 891 157 1232 373
006728 142 169 474 375
007032 832 155 1222 371
007119 360 168 430 210
007205 71 158 271 283
007246 1 169 117 364
006379 134 168 408 273
006561 4 144 225 312
006614 1 168 145 244
006879 226 180 422 249
007004 1149 148 1224 225
007164 163 155 343 262
007204 309 178 414 229
007414 213 181 340 284
006474 157 184 372 291
006409 33 176 263 288
006593 5 177 136 306
006728 1 211 94 368
006938 650 164 711 225
007046 1 165 133 280
007296 272 194 353 225
006630 981 128 1172 197
007097 2 160 222 356
007128 917 147 1158 278
007268 1 208 69 243
006741 978 196 1238 350
006877 424 179 464 200
006996 916 174 1234 370
007007 428 186 468 207
007124 428 185 467 206
007203 254 168 501 341
007452 483 158 630 239
006569 509 189 548 217
006791 172 176 251 217
006889 500 184 545 213
006965 221 183 331 243
006993 62 190 162 233
007235 69 180 197 240
006599 569 173 605 201
006829 190 187 291 228
006845 923 162 1037 201
006944 152 179 224 214
007195 1041 194 1234 370
006710 336 178 450 232
007137 10 156 390 365
007425 435 191 508 215
006571 196 190 274 216
006791 305 190 371 217
006926 153 164 271 225
007100 69 189 133 239
007391 390 168 455 211
007445 713 183 762 218
006372 423 157 533 264
006634 4 193 94 261
007046 382 184 529 248
006431 528 175 553 201
006498 987 189 1240 375
007314 601 187 643 222
007456 206 180 284 209
006470 168 180 353 291
006569 350 177 383 196
006601 109 209 208 261
006919 5 209 97 289
007117 810 157 1211 367
007349 580 164 626 196
006417 88 169 221 227
006929 1 223 57 260
007053 590 176 651 215
007433 564 175 602 200
006864 914 162 1044 208
007012 509 186 560 220
007122 689 174 777 200
007337 744 163 821 196
006726 376 180 423 219
006738 2 131 94 244
006858 86 181 384 289
007177 472 186 520 221
006591 487 162 532 195
006687 436 187 494 220
006474 6 214 178 352
006505 648 151 711 208
007112 1108 252 1242 366
007177 635 168 664 193
007183 450 184 495 218
006842 1124 165 1228 208
006992 80 178 356 280
007139 491 179 533 211
006590 572 190 617 215
006868 881 166 1227 371
007019 1 250 96 375
007457 609 191 637 214
006720 682 177 741 229
006851 540 177 571 204
007074 633 168 662 194
006816 653 181 687 209
007114 386 190 440 221
007422 469 185 516 219
006379 274 168 461 239
006562 718 171 815 226
006930 532 183 566 213
007180 540 184 570 207
006628 540 185 613 218
006948 626 170 655 196
007447 886 200 1226 362
006426 12 163 344 359
006608 1128 225 1241 322
006896 1011 198 1052 220
006448 973 147 1041 175
006467 292 177 408 252
007002 154 177 319 246
007122 862 162 913 188
006525 15 235 170 342
006594 644 186 699 232
006721 909 1 1240 124
006778 640 186 669 204
006822 15 216 210 325
006869 1047 166 1242 365
006994 979 214 1211 365
006944 326 181 386 208
007046 850 187 1231 370
007200 663 176 726 220
006377 417 180 452 198
006688 12 212 112 253
006922 689 187 756 231
006954 85 198 125 222
007323 22 182 300 286
007381 2 120 116 346
006607 571 184 597 205
006686 525 186 557 208
006775 658 176 696 205
006469 401 187 449 218
006508 614 182 721 214
007284 410 179 450 204
007386 339 192 387 218
006755 627 175 667 206
006836 391 177 437 210
007462 994 187 1238 373
006516 1170 178 1231 218
006527 274 171 454 238
006616 859 165 910 187
006867 1155 168 1218 201
006871 979 148 1061 177
007089 3 223 181 369
007102 734 169 823 231
007304 914 191 1215 372
007410 968 157 1181 231
007428 146 182 219 211
007101 816 159 1197 369
007219 503 165 577 206
007435 512 185 559 221
006670 728 157 794 178
006979 678 176 742 223
007361 1164 138 1242 179
006370 627 168 685 212
006445 515 178 558 213
006752 388 188 540 268
007005 454 177 492 202
006689 8 159 120 207
006870 469 190 511 218
006377 653 136 749 224
006742 565 185 592 208
006745 2 210 176 370
007208 428 181 525 227
007478 374 181 418 208
006447 1036 133 1158 200
007174 1128 147 1241 194
007247 434 176 478 205
007289 796 170 846 191
007398 633 183 670 203
006541 1089 220 1242 373
006633 452 167 497 193
006633 451 174 489 201
006648 1063 143 1223 210
007209 648 173 700 204
006824 245 179 294 204
007105 752 171 813 196
007114 468 178 508 202
007171 612 168 699 237
007043 364 165 551 302
007056 433 182 465 200
007056 422 183 452 204
007457 975 192 1035 224
007316 515 180 555 201
006509 1 215 105 375
006576 424 199 477 238
006588 743 169 787 199
006788 313 160 428 221
006512 424 176 465 204
006907 794 187 826 207
007157 1083 187 1242 367
006660 1 189 119 372
006964 428 179 461 196
007022 462 180 505 209
007047 671 188 707 217
007401 635 190 672 219
007470 542 186 570 212
006362 1 175 193 355
006401 458 191 517 229
006721 45 166 179 268
006950 469 184 530 225
007475 767 187 803 208
006513 640 170 674 197
006701 580 174 606 196
006786 394 162 449 187
007352 714 162 759 188
006417 319 188 373 214
006814 428 151 539 251
006960 551 176 584 201
007059 645 188 679 217
007060 290 178 348 215
007235 317 182 357 202
007292 427 179 470 207
007311 538 177 573 205
007385 596 189 622 214
006498 528 185 590 205
006786 580 165 610 195
006975 367 173 410 194
007361 335 186 437 230
006362 1115 180 1197 217
007157 480 182 509 202
007157 468 183 499 206
007157 478 188 505 208
007411 545 182 580 212
007042 224 178 291 206
007089 1080 219 1242 374
007457 403 161 513 212
007210 658 178 711 216
007357 761 155 790 175
006361 591 169 618 196
006614 342 187 382 207
006714 413 186 441 204
006737 291 194 348 223
006801 599 170 635 205
006814 699 154 1062 291
007172 574 165 606 191
006659 666 177 722 223
006721 1017 52 1242 365
007029 391 178 446 210
006673 373 176 526 224
007031 465 186 510 222
006770 2 256 65 309
006937 568 166 612 209
007091 538 191 575 220
007210 576 174 611 195
007261 1076 239 1242 356
006946 589 177 619 198
007109 543 164 576 195
007247 56 191 95 212
007470 622 181 654 210
006387 651 169 679 190
006470 1140 176 1242 224
006538 988 147 1069 179
007131 536 183 573 215
006588 635 167 670 201
007174 625 177 651 199
006889 255 181 377 240
007060 255 175 296 205
007087 678 179 708 206
007208 688 189 733 227
006921 1063 192 1233 374
007054 397 181 492 211
006514 622 180 675 230
007099 704 179 788 252
006669 1019 163 1242 372
006766 551 177 576 199
006854 530 177 558 200
006882 637 170 666 189
006934 5 242 181 375
007069 1 204 114 372
007228 809 162 977 239
006381 2 157 40 189
006642 656 177 701 217
006910 161 175 310 243
006956 449 173 477 192
007107 401 187 453 218
007371 9 215 258 375
007052 785 157 826 188
007440 1015 130 1114 186
007057 203 175 287 212
007142 375 183 440 220
007222 321 180 355 201
007365 30 161 124 213
007424 464 178 536 211
006433 543 173 573 195
006912 275 191 328 218
007355 651 178 693 212
007142 128 160 218 204
007394 745 164 1063 360
006498 338 179 416 207
006361 302 188 370 216
007289 747 169 799 190
006623 661 166 737 200
006838 10 189 367 374
007107 469 183 512 205
006429 544 172 585 209
006548 614 203 651 231
006482 599 177 621 196
006568 2 224 151 369
006826 650 170 690 195
006859 299 184 351 216
006640 337 181 371 201
006361 1126 199 1242 362
006777 1111 231 1238 287
006921 559 170 590 198
006764 550 184 577 204
006844 487 184 524 213
006982 2 161 73 275
006625 475 184 522 213
006870 505 180 537 204
006926 689 174 756 226
007156 524 177 566 211
006934 1093 242 1242 375
007058 793 165 856 196
007001 837 166 878 192
006507 362 183 403 205
007034 501 172 561 215
006742 479 191 515 218
007024 571 158 595 183
007026 692 150 1107 361
006550 1107 233 1239 375
006642 556 180 585 203
006989 540 177 573 201
007001 649 175 679 195
007088 575 188 621 219
006495 1165 160 1238 194
006977 542 183 572 208
006761 604 173 633 202
007212 842 1 913 34
007041 630 172 659 196
007464 507 174 538 197
006589 169 181 300 230
006638 553 183 582 205
006638 557 177 581 194
006655 492 180 527 207
006779 589 178 616 202
006868 640 181 674 206
007423 558 164 599 192
006612 612 181 664 212
006893 110 177 200 222
006968 198 213 364 275
007108 338 179 374 207
006871 663 168 695 196
006997 1075 177 1237 352
007087 2 220 63 273
007329 43 204 205 300
007406 370 186 458 226
006917 530 179 568 211
006957 1 201 74 238
006556 1 174 361 366
006944 468 188 494 207
007160 667 175 727 225
007298 568 185 602 206
006455 602 166 632 189
007319 776 188 884 252
007457 606 182 645 217
006452 589 192 619 218
006452 583 187 614 211
006713 452 177 482 196
006713 447 184 474 202
006766 1054 108 1242 356
006779 289 190 353 217
007376 532 187 562 206
007470 629 187 660 214
006468 119 184 325 288
006743 841 163 887 184
006761 71 212 199 283
006466 1124 221 1240 368
007082 5 213 258 368
007281 830 164 861 181
006435 1108 195 1240 365
007215 658 163 682 186
007352 330 166 386 187
007378 161 176 203 208
006492 234 189 287 214
006520 306 168 413 225
006553 1101 174 1152 208
006716 1181 173 1241 234
006727 937 219 1231 374
006817 704 167 754 196
007249 413 187 451 213
007350 478 190 533 223
006442 410 183 441 202
006755 550 187 575 205
006759 582 177 613 208
007341 530 176 563 206
006607 1077 238 1242 375
006782 1005 152 1095 187
006501 851 163 899 186
006740 377 189 434 227
007121 642 178 673 202
007141 1195 167 1241 222
007165 1070 190 1239 372
006399 492 184 540 222
006670 1011 199 1241 376
007277 644 176 664 194
006419 626 175 651 194
006768 619 171 649 205
007445 782 183 814 204
006854 568 180 592 200
006854 572 187 593 206
007068 528 180 556 204
007258 395 167 438 198
007420 6 231 212 370
006416 610 170 651 198
006423 324 186 393 229
006614 397 187 431 205
007153 795 177 830 199
007352 1084 218 1241 376
006637 1 209 155 315
006736 650 171 685 196
007016 389 184 431 209
007068 1 239 46 319
007296 342 199 382 220
006369 266 185 345 227
006544 823 173 871 202
006565 567 176 585 194
006595 630 173 653 194
006665 489 176 533 207
007256 519 190 556 211
007256 514 185 546 206
007059 551 171 587 197
007294 1140 223 1241 375
007435 704 182 762 232
006982 1052 200 1233 368
006789 750 189 783 207
006789 753 183 785 200
007178 695 177 753 220
007240 631 177 670 207
007250 427 177 495 204
006439 1080 211 1238 375
006538 10 204 171 299
006663 1 246 84 375
007067 514 184 544 207
007325 305 189 443 246
007342 625 163 669 200
006391 971 161 1024 194
006498 638 177 708 201
006538 183 186 335 251
006788 662 171 700 196
006798 537 179 566 206
006401 493 188 530 218
006814 519 177 572 221
006904 661 180 724 231
007388 792 171 849 215
007423 527 170 574 207
007423 538 165 584 200
006421 807 170 874 198
006617 1048 197 1215 370
006624 169 205 316 254
006764 629 174 673 205
006782 866 163 907 183
006866 480 184 520 215
006876 406 180 447 205
006911 1137 156 1242 193
007398 623 182 653 202
006533 474 175 508 200
006608 1058 231 1224 335
006629 10 233 175 375
006953 642 182 681 215
007210 481 189 525 217
006401 499 183 538 211
007309 636 182 685 220
006510 534 177 573 207
006590 633 180 663 205
007004 445 168 475 189
007274 526 179 557 199
006519 648 189 677 212
006577 575 186 608 215
006716 426 187 474 218
006363 625 176 652 196
006435 648 172 677 198
006734 619 163 644 183
006766 603 175 631 200
006954 450 183 483 204
006954 449 177 485 197
007383 522 176 560 206
007445 768 190 794 208
007470 531 183 562 210
006625 3 209 67 254
007289 678 155 733 181
007389 1045 222 1241 375
006360 591 163 630 190
006381 541 175 570 203
006462 471 176 506 197
006932 1037 165 1230 359
007289 858 169 913 188
007359 451 169 485 190
006711 572 171 598 189
006936 639 180 671 206
007019 677 177 702 200
007071 474 184 515 209
006370 505 164 558 207
006824 284 182 326 202
006864 934 161 1104 219
007384 1012 209 1237 373
007004 425 169 459 195
007067 524 178 556 203
007457 1144 183 1242 227
007010 476 179 537 219
006974 699 180 735 203
007045 436 170 505 198
007063 1136 220 1241 375
007256 590 180 616 201
007459 519 175 606 241
006449 1 220 41 267
007323 978 181 1062 222
007475 240 194 291 229
006392 575 189 607 216
006554 710 161 732 179
006810 640 179 686 219
006899 1122 212 1242 360
007028 1064 196 1240 375
007083 601 177 623 197
007442 468 163 538 219
006944 418 186 453 206
007008 1110 219 1240 375
007195 515 170 569 216
007228 1 124 327 359
006538 544 166 588 187
006978 788 188 819 203
006978 796 190 826 206
006978 790 178 825 194
007014 699 174 768 202
007050 228 178 280 205
007453 243 183 316 221
006474 660 177 723 229
007093 55 1 220 62
007106 512 188 569 204
007173 529 187 569 216
007347 1 186 55 235
006694 557 175 580 192
007035 490 178 540 200
007232 646 178 678 196
006386 368 179 400 196
006665 507 172 550 206
006803 431 180 462 200
006803 422 185 457 204
006867 818 170 859 195
006920 446 180 510 221
007085 520 180 552 204
007183 1149 133 1242 183
007226 371 183 404 203
007226 363 188 395 207
006596 582 178 607 198
006416 577 177 614 203
007070 484 181 548 209
007398 1126 189 1242 351
006384 528 188 564 216
006478 1055 195 1218 371
006721 921 173 1242 371
006952 395 189 473 223
007165 519 173 548 196
006612 618 179 689 231
006943 331 187 396 232
006978 412 186 472 224
006985 514 184 550 206
007289 1197 153 1242 184
006441 1074 190 1234 371
006408 295 181 335 205
006745 685 173 726 208
006770 466 186 513 220
006869 434 171 506 221
007053 643 177 685 206
006363 789 166 883 227
006389 516 183 558 205
006391 826 170 882 216
007212 856 195 1043 367
006964 598 173 622 194
006447 537 177 562 199
006784 543 190 575 221
007334 884 175 935 191
007056 14 184 125 245
006474 631 184 656 206
006474 635 178 668 205
006474 639 185 673 216
006928 524 170 555 197
007022 558 180 588 203
007256 605 183 640 207
007454 1091 206 1231 374
006430 501 175 539 206
006436 600 170 623 191
006436 600 162 621 181
006559 666 167 734 215
006798 660 172 716 218
006840 233 185 288 218
006911 501 174 543 197
006952 644 168 684 204
006360 583 166 619 187
006512 604 172 633 200
006570 2 188 114 243
006619 617 176 646 199
007019 663 184 691 208
007055 541 190 569 209
007140 584 175 605 194
006681 339 188 455 241
006923 590 173 632 216
006972 967 163 1149 270
007128 643 178 677 208
007227 961 215 1236 375
007478 594 169 621 198
006425 508 189 548 215
006718 1102 186 1242 371
007197 59 182 146 216
006595 464 190 508 214
007251 1085 197 1240 371
006384 539 185 569 210
006519 634 176 674 209
006592 600 176 620 193
006592 600 182 621 201
006770 631 174 655 192
006837 667 175 706 198
006985 565 181 595 203
007066 736 172 756 189
007454 593 172 636 212
006532 448 172 539 200
006679 604 176 643 202
006680 321 157 360 179
006950 909 150 968 180
006598 120 150 398 354
006629 252 202 372 267
006641 194 203 235 233
006810 586 175 618 209
007178 540 185 599 228
007204 1081 113 1242 366
007235 380 179 410 196
007235 383 185 412 203
007396 112 180 193 221
006754 551 174 573 195
006888 710 158 737 177
007008 392 160 439 188
007330 748 167 861 229
007242 489 182 536 220
007463 1043 202 1241 363
006831 277 188 329 210
007031 507 185 536 207
006475 1124 227 1238 369
006529 253 193 299 219
007342 1194 207 1242 375
006562 664 174 721 199
007163 510 179 539 200
007243 392 184 510 249
007335 418 188 448 206
006469 503 186 544 219
007074 1065 207 1240 375
007158 1094 200 1240 375
007160 654 178 698 221
007441 1124 193 1241 375
007058 1096 185 1239 375
006426 1 232 203 374
006522 497 164 532 194
006844 1155 187 1239 375
007030 603 174 632 203
006595 643 178 665 198
006627 1145 186 1236 286
007014 404 183 482 237
007061 381 180 415 204
007096 636 174 661 197
006383 597 180 618 202
006547 487 179 557 201
006681 326 193 425 229
007250 983 137 1233 363
006362 479 185 502 203
006937 849 182 941 245
006680 389 168 419 184
006693 356 180 401 204
007079 209 168 303 220
006657 269 130 478 277
006659 685 174 749 227
006723 532 168 566 194
007039 439 187 488 223
007117 662 169 722 217
007450 541 183 601 212
006407 911 132 984 163
006734 612 173 644 193
007378 27 181 76 218
006467 2 167 68 223
006734 1120 213 1242 375
006441 5 259 66 312
006610 1086 206 1239 375
006695 564 170 603 195
006779 626 177 659 209
006781 164 193 278 243
006744 841 179 941 250
006997 605 190 635 221
007268 681 177 708 196
006630 665 176 697 204
006843 1104 202 1241 375
006912 255 187 331 228
006399 507 189 546 216
006454 586 163 615 188
007143 698 168 728 186
007402 520 180 564 212
006536 565 181 596 201
006989 516 179 553 209
007100 948 204 1001 236
006555 513 186 539 204
006594 536 189 565 212
007132 639 187 685 221
007143 426 179 464 207
007328 655 166 680 185
006671 1076 188 1231 374
006771 436 178 467 196
007071 624 177 650 200
007407 632 183 680 210
006416 507 181 536 202
006663 5 229 177 375
007273 493 189 531 218
007399 595 165 622 187
007399 602 168 631 188
007463 637 173 668 197
006477 479 184 512 205
006643 474 175 510 195
006643 479 168 513 191
006889 235 181 419 291
007329 6 179 189 260
006896 1019 192 1060 217
007261 581 175 604 193
007042 211 184 283 213
007132 1054 149 1237 246
006446 1182 183 1241 207
006531 552 183 585 213
006589 230 179 353 239
006612 539 189 574 213
007208 14 173 251 348
006768 1055 187 1133 225
006956 334 186 383 212
007405 968 204 1231 369
007432 714 181 755 203
006432 735 175 758 194
007113 559 184 588 204
007480 1 204 104 366
006638 253 181 468 245
006647 1118 160 1241 300
006806 518 187 561 214
007067 657 180 705 224
007206 184 170 398 312
006431 427 175 490 224
006781 308 175 393 236
007426 993 203 1230 370
006465 555 186 575 201
006877 127 204 201 232
006375 299 165 338 187
006423 415 173 513 246
006560 890 168 919 197
006398 525 198 562 224
006715 5 225 97 291
007180 532 185 559 208
007219 968 200 1228 368
007396 186 179 307 233
007403 765 153 1040 354
006498 6 186 154 251
006527 677 176 743 203
006993 333 184 371 206
007236 643 178 669 200
006634 602 162 622 181
006648 644 171 686 197
006993 379 190 412 208
007046 675 178 723 214
007119 538 174 563 195
006700 1218 182 1242 216
006525 1 241 104 338
006818 220 221 286 256
007113 557 176 585 198
007279 579 173 598 189
006570 510 171 583 194
007132 991 160 1085 194
007422 1068 203 1242 375
006718 662 179 699 213
007451 850 167 1129 331
006774 532 180 566 209
007394 641 179 687 219
006489 848 165 1007 254
006523 493 183 515 203
007167 872 173 942 201
007248 425 171 521 214
006424 749 6 1220 121
006511 4 181 144 220
007151 1040 180 1242 366
006844 607 174 630 193
006885 302 191 356 222
007222 193 183 284 213
006418 813 179 871 206
006457 440 183 493 233
006716 673 183 697 202
007214 605 182 657 224
006542 825 166 872 190
006597 1123 235 1241 371
006859 509 167 542 196
007003 455 176 551 209
006708 789 172 816 187
006708 787 164 814 183
006992 727 173 879 246
007197 713 169 733 185
007261 717 153 872 267
006468 460 175 538 206
006526 751 179 893 292
006936 647 186 680 213
007026 1 210 105 363
007247 555 181 581 205
006865 565 185 586 202
006899 776 182 810 203
007352 721 158 763 178
006899 723 166 774 202
006908 1117 177 1238 350
006913 486 191 512 208
007313 85 193 189 277
007396 1095 216 1238 376
006428 937 1 1242 111
007091 487 183 560 232
007328 661 174 692 192
006525 1100 162 1238 357
006628 791 166 847 195
006990 810 195 1233 368
007172 973 190 1226 371
007373 963 187 1029 214
006450 332 183 370 205
006454 1123 227 1239 375
006800 1122 228 1238 340
007478 591 184 621 211
006414 513 179 545 204
006843 641 175 662 194
006985 547 180 576 198
006852 374 183 410 203
007233 682 175 759 231
006954 582 179 610 205
007114 526 182 560 200
007445 791 189 817 206
006426 804 200 983 281
006608 229 184 309 226
006711 461 184 499 201
007163 593 181 620 199
007194 666 168 716 213
007191 538 183 570 208
007402 501 176 558 218
007035 462 185 509 208
007087 525 178 560 209
006372 1093 236 1241 372
006713 636 172 671 194
007102 366 182 419 218
006752 646 170 682 201
006770 1157 123 1239 191
006851 304 160 490 274
006983 512 179 545 202
007358 510 187 535 209
007467 1086 156 1237 371
006542 405 168 481 196
007291 1221 136 1242 168
007388 633 169 687 207
007475 1101 241 1238 376
006538 676 169 706 195
006571 333 183 372 205
006410 117 176 210 219
006437 532 189 566 214
006842 1 176 43 220
007142 391 184 439 208
007396 4 204 183 336
006879 630 174 664 198
007133 65 171 197 233
007222 3 191 69 240
007422 814 167 947 210
007472 565 190 586 207
007472 559 183 583 201
006488 1120 233 1238 349
006978 338 185 451 248
006966 1019 188 1231 374
007337 834 171 889 203
006667 570 178 608 215
007247 600 178 630 206
007313 485 179 528 211
006624 512 171 550 200
007002 351 174 444 231
007041 648 182 696 214
006893 719 173 742 191
006893 711 171 735 187
006604 1064 213 1239 375
006791 352 192 397 215
006911 1126 228 1242 350
006467 481 190 505 207
006546 1 247 45 320
006744 559 160 580 176
007470 1103 222 1242 375
006694 547 172 571 191
006484 1087 206 1242 374
006838 1010 187 1075 215
007209 1102 136 1217 182
007261 667 186 727 232
006478 599 169 672 237
007438 1078 214 1241 375
006810 577 172 607 197
006943 319 183 412 259
006987 461 167 506 198
007317 852 170 919 202
006519 40 196 351 368
006618 560 174 591 201
007108 224 191 264 218
007381 588 187 607 202
006577 410 183 442 201
006689 426 190 463 215
006669 908 1 1242 121
007026 400 181 448 214
007002 128 176 365 274
007178 10 224 230 374
006404 533 168 580 214
006481 599 175 622 194
006712 552 170 574 191
007099 491 176 562 228
006604 436 179 471 199
006636 1164 217 1239 375
007233 538 177 559 194
006631 1027 220 1229 358
006387 655 174 685 194
006564 228 186 311 221
006869 918 163 1207 364
006668 559 178 583 196
006849 889 41 995 99
007052 1053 160 1116 182
007276 1105 183 1242 360
007280 1111 195 1241 375
006475 1097 162 1238 350
007102 8 171 67 219
006756 1062 157 1123 182
006775 728 173 759 199
006855 554 186 574 201
006855 549 184 568 199
006376 484 183 515 202
006537 1125 229 1242 374
006874 425 177 461 194
007035 298 188 424 238
007100 4 161 90 284
007355 600 175 622 195
006389 390 187 436 218
006468 643 175 699 217
006526 581 163 605 180
006655 505 182 532 204
006756 380 170 460 195
007107 523 179 559 201
007198 1127 212 1242 355
006521 831 252 898 290
006526 656 178 691 208
007360 886 207 1230 374
006838 543 182 573 208
007034 946 80 1029 108
006811 1211 142 1242 184
007086 559 184 585 202
007124 262 183 328 211
007453 401 182 437 199
006753 633 180 668 203
006811 981 188 1236 375
006596 575 182 600 200
007032 682 183 736 222
007209 642 165 688 196
006574 455 181 488 199
006781 169 198 360 301
006766 637 177 674 205
007342 485 165 532 201
006447 532 185 553 204
006496 839 169 896 192
006665 4 165 156 253
007385 434 191 464 211
006756 811 162 850 190
007185 493 179 555 231
006700 7 224 144 305
007014 644 177 669 201
007413 1032 206 1242 367
006672 677 175 727 220
006734 1 200 224 364
006741 915 1 1242 146
006789 1105 210 1238 376
006913 599 176 623 199
007014 556 175 584 195
007100 695 188 736 214
007331 591 174 630 206
006736 1211 143 1242 189
007203 664 167 700 198
007390 251 176 301 208
007425 1068 135 1219 197
006817 750 167 781 192
007397 553 182 574 202
006442 406 174 440 195
006491 928 140 1030 185
006966 609 167 635 191
007163 505 186 534 208
007346 1118 210 1233 374
007457 6 206 81 245
007475 192 194 263 243
006436 593 168 617 186
006727 1 235 164 375
006399 657 180 695 207
007181 400 175 440 198
007411 755 197 987 338
006393 1113 244 1235 351
006968 668 177 701 202
007167 752 184 789 203
007167 748 179 781 199
007402 793 183 1134 346
006595 507 185 538 206
006711 923 144 1015 185
007007 337 190 379 211
007132 580 189 622 213
007141 723 175 745 193
007196 649 179 693 217
007292 1121 239 1241 368
006533 466 175 496 196
006728 538 165 561 187
007169 489 181 524 208
007430 680 169 765 247
006700 1204 188 1242 227
006960 643 179 669 202
006762 509 179 533 198
006762 513 189 534 206
007180 388 186 489 237
007347 833 154 942 190
006533 1107 210 1241 371
006588 768 165 858 228
007001 835 174 870 197
007364 500 180 542 214
006769 1 187 112 360
007250 1226 141 1242 369
007352 589 179 655 246
007429 161 183 247 216
006612 1041 219 1242 368
006637 107 197 260 279
006449 7 212 63 272
006952 422 182 500 212
007028 519 180 559 212
007086 562 177 585 194
006413 823 165 869 189
007380 559 159 608 192
006668 561 184 588 205
006694 624 172 662 198
007031 478 191 519 219
007032 3 1 226 95
007101 17 212 323 370
007204 604 183 623 198
007273 512 189 536 213
007303 1122 195 1242 315
006447 843 163 888 184
007049 335 174 444 236
007205 584 182 608 205
007226 538 177 566 204
007019 510 184 553 217
007313 555 188 585 208
006404 1080 215 1241 373
006743 1132 132 1238 191
006403 152 187 236 217
006416 485 190 521 212
006416 587 174 624 198
006999 605 178 635 202
007157 10 197 51 221
006727 1092 219 1241 375
006737 454 177 491 193
006737 453 182 495 201
007261 1145 227 1238 374
007262 1111 204 1241 375
007382 967 191 1226 369
007478 1 205 41 255
006757 962 175 1039 206
006985 533 184 565 205
007063 520 177 553 208
007148 530 180 566 213
007148 541 184 570 207
006479 806 161 860 188
007088 586 179 625 208
007089 557 182 589 211
007381 1086 240 1235 375
006852 1087 233 1240 375
006882 565 153 620 188
006896 1051 198 1085 218
006896 1057 193 1092 215
007256 596 183 629 204
007466 983 203 1225 369
006481 604 166 624 187
006490 287 179 329 201
006490 297 185 339 202
006715 569 174 589 192
006715 567 168 586 185
006746 27 143 293 373
007164 1113 224 1242 373
006376 422 179 459 206
006556 22 1 401 145
006755 353 146 509 281
007031 592 181 618 199
007131 672 181 723 230
007141 717 180 742 199
007379 489 174 525 195
006510 1088 204 1234 374
006927 552 177 594 208
007020 1109 231 1236 375
007164 441 181 491 208
007244 964 201 1227 368
006542 1061 157 1137 187
006773 1100 227 1241 376
007197 1077 231 1233 375
007294 530 179 562 206
007430 640 172 667 194
006559 476 175 537 219
006929 604 174 630 201
007192 784 177 962 268
006379 715 180 831 250
007210 668 178 732 228
007343 773 146 870 242
006612 432 196 470 226
006381 3 149 34 179
006907 865 166 895 183
007062 582 184 613 207
006882 4 237 92 375
007194 1012 182 1227 364
006368 454 174 501 201
006394 4 223 44 282
006466 1006 221 1237 369
006697 1152 209 1237 371
006953 1093 200 1238 376
007336 9 238 172 364
007410 1131 293 1238 356
006421 1133 207 1237 367
006497 8 189 124 257
006785 444 178 474 201
006970 384 188 456 218
007458 631 175 661 198
006582 1055 180 1242 374
006587 562 177 616 220
006836 589 166 620 194
007245 398 181 437 204
007314 485 180 516 199
007457 1113 151 1242 358
006672 568 168 596 187
007001 841 173 892 201
006376 493 178 525 198
006509 536 168 577 201
007178 681 167 718 194
007376 459 182 500 204
006536 546 179 575 197
006768 356 204 428 252
006739 1084 255 1240 367
007020 51 178 394 365
007210 497 178 544 207
006636 587 179 615 206
006811 519 180 544 198
006926 478 175 554 213
007164 600 177 626 199
007423 553 176 594 200
006708 777 167 806 183
007011 1022 181 1234 366
006696 1110 207 1239 353
007334 820 178 855 192
007334 822 165 862 179
007420 532 173 561 200
007354 300 184 374 214
006443 247 174 300 194
006549 633 179 679 209
006718 673 181 718 224
007026 390 177 423 203
007213 10 187 65 226
007407 669 179 707 203
006868 641 190 663 209
007151 113 159 428 345
007319 1 219 107 315
007208 182 184 401 285
007406 1045 208 1236 362
006784 542 181 571 210
006949 151 175 281 214
007422 451 186 504 222
006421 802 185 861 215
006697 517 169 561 195
007474 611 186 728 258
006567 325 185 367 206
006680 268 165 320 196
006826 864 173 895 196
006899 1153 231 1228 342
006924 32 1 246 103
007233 490 180 535 213
007356 802 161 907 227
007399 1088 203 1231 374
007423 1059 206 1239 375
006978 794 182 821 199
006989 478 179 528 214
006944 398 181 443 205
006774 2 273 62 375
006886 970 154 1018 176
006491 338 175 404 198
006509 568 175 603 200
006987 1144 180 1242 221
007054 1 179 52 246
007203 546 179 573 203
007339 887 194 1232 371
007447 386 145 509 249
006562 394 182 440 211
006752 664 177 707 212
007457 599 191 629 218
006536 524 182 557 204
006612 561 191 597 220
007107 681 174 772 212
007277 530 176 572 198
006538 1072 135 1181 187
006729 469 175 507 197
006779 677 175 744 227
006787 885 192 939 221
006787 875 187 925 214
007353 1133 205 1240 352
006655 157 199 230 238
006952 469 167 535 196
006822 769 149 1061 356
007149 665 168 707 202
007203 555 167 578 187
006721 445 182 526 219
006824 210 180 260 205
006844 1041 195 1242 375
006629 674 177 716 211
006360 1 272 90 339
007056 1197 1 1242 32
006701 584 184 608 201
007452 2 135 51 265
006907 1093 232 1239 374
007289 442 155 517 185
007301 534 187 563 217
006907 264 192 307 223
007046 481 181 552 218
007313 652 178 698 208
007051 370 181 436 227
007225 165 191 410 305
007290 1012 160 1208 361
007340 472 187 510 214
006493 1086 221 1242 375
006735 1151 204 1237 292
006698 574 187 601 214
007262 579 184 610 215
007286 746 186 859 234
007422 1051 144 1143 181
006526 581 169 603 185
006555 1035 218 1232 375
006712 1122 191 1239 365
006359 1091 209 1239 375
006670 1139 210 1239 376
006958 655 187 718 215
007440 453 178 500 214
006518 1067 187 1239 355
006545 1087 118 1242 205
006695 623 174 686 217
007212 1 256 176 361
006424 1221 60 1238 90
006664 1049 187 1233 373
006737 840 44 1025 119
007157 5 191 60 231
007424 200 183 388 268
006721 950 1 1242 259
007026 388 174 412 195
007138 8 35 145 99
006844 81 195 182 228
007019 668 186 699 214
006744 770 147 830 173
006747 530 176 552 195
007099 561 166 599 196
007089 630 181 659 206
006417 431 183 461 202
006417 434 177 463 196
006686 727 113 815 151
007015 950 217 1235 376
006967 1088 154 1174 193
007452 1156 177 1216 252
006727 655 177 724 211
007060 139 184 180 213
006499 1221 247 1242 315
006606 1088 206 1233 374
006678 431 176 523 206
007378 7 190 42 237
006449 411 169 458 202
006474 397 171 516 211
006506 968 192 1222 372
006595 647 171 671 195
006822 71 229 271 309
006821 369 198 407 220
006902 67 190 196 244
007013 500 179 534 203
006408 353 176 387 193
006628 8 213 147 325
006837 1100 197 1242 367
006738 1 112 23 148
006822 639 171 683 196
007185 707 181 763 220
006450 43 194 141 227
006755 1071 187 1242 375
007020 527 175 564 201
006688 498 181 547 198
007016 604 180 632 208
006416 498 176 524 195
006442 625 166 652 187
006442 631 162 657 182
006484 583 179 610 206
006838 20 190 214 295
006871 674 176 706 201
007401 709 181 802 264
006498 538 176 593 198
006781 417 182 493 240
006542 245 164 345 202
006591 651 159 780 232
007027 1008 158 1108 199
007478 446 176 482 197
006741 1064 208 1237 316
006787 1148 218 1238 375
006862 913 203 1235 376
006399 688 168 735 200
006654 8 177 267 361
006906 1068 210 1242 375
007208 1225 272 1242 321
006670 1202 236 1241 374
007162 904 173 1227 371
007244 1097 197 1235 356
007474 720 186 778 225
007067 635 177 660 200
007357 546 172 570 191
006672 567 180 592 195
006744 560 172 581 187
007104 1222 155 1242 189
006625 507 179 540 203
006946 580 178 609 197
007222 1220 251 1242 350
006881 847 169 900 209
006930 594 183 615 200
006979 567 166 589 183
006366 676 175 701 197
006433 10 188 72 224
006474 968 256 1162 361
006506 1097 194 1236 357
006820 261 184 401 251
006849 390 178 432 202
007004 11 171 76 202
007255 555 167 577 185
007361 493 177 535 196
006469 78 197 246 273
006630 359 185 428 223
007206 546 183 571 205
007286 36 177 131 227
007445 745 188 776 208
007015 413 187 452 216
007233 414 181 494 246
007391 583 176 609 201
006431 99 199 336 360
006762 412 192 443 212
006888 709 164 740 183
006888 706 170 738 189
006888 697 160 730 181
006430 515 170 554 205
007105 657 173 695 197
006557 656 177 690 201
007420 551 171 579 193
006439 536 191 567 214
007157 602 189 630 217
007352 1206 239 1241 374
007415 588 180 617 208
006598 549 167 594 195
006765 625 167 655 192
006393 1204 273 1242 362
006444 1215 27 1238 72
006447 843 174 885 197
006979 559 162 587 181
006979 563 173 583 190
007407 1151 186 1241 361
006444 1220 43 1238 84
007171 1114 2 1242 66
006376 368 181 420 216
006619 631 178 662 205
006648 2 248 60 353
006723 504 165 543 190
007261 247 1 452 71
007353 476 170 514 198
007459 655 182 689 206
006780 3 188 141 273
007285 1226 139 1242 175
006372 2 202 195 280
006665 1089 184 1234 374
006765 758 177 1078 343
006778 1134 203 1242 326
007429 375 167 403 186
007429 373 174 405 192
007164 443 190 473 214
007396 733 187 763 205
007172 1095 200 1235 355
007251 430 198 477 233
007350 908 170 1027 217
007359 467 171 499 193
006682 471 172 504 191
006682 465 175 505 201
006780 437 190 477 221
006885 272 185 306 208
007007 1 199 33 231
007102 408 177 448 206
006515 1226 258 1241 293
007003 342 169 459 221
007091 536 182 572 208
007141 1215 163 1242 204
006396 405 166 456 195
006527 8 186 215 305
007143 1051 84 1240 197
007228 809 176 1019 317
006463 942 169 1021 201
006518 27 142 125 191
006689 1066 220 1236 375
007345 393 178 435 199
006491 1204 152 1242 183
006698 583 186 611 216
006780 348 181 413 225
007216 578 174 603 190
007216 570 176 596 194
006697 606 169 632 188
006817 1113 224 1240 375
007003 819 178 1209 372
006857 489 167 530 196
006977 553 188 581 208
007012 456 179 488 198
007123 163 186 312 252
007206 935 185 1023 216
007470 1198 250 1240 367
007031 194 196 291 245
007197 725 175 745 192
007197 723 167 745 187
006371 1038 209 1240 375
006562 415 174 459 199
006805 566 177 620 217
007334 831 169 874 184
006548 1211 233 1242 372
006748 1015 202 1238 374
007209 1024 145 1234 249
007357 554 169 586 192
006638 421 178 510 217
006868 669 183 725 227
006368 1069 166 1239 310
006654 1029 156 1242 375
006709 1077 250 1242 352
007176 553 170 590 198
006711 567 174 591 192
007050 345 183 378 204
006718 1 232 98 354
007062 463 180 513 216
006723 1028 185 1237 375
007466 578 174 615 201
006725 1225 183 1242 228
006787 911 175 1073 219
006924 1082 222 1237 375
006811 1222 152 1242 182
007013 1113 224 1235 375
007459 1217 48 1242 89
006366 1127 177 1233 220
006664 284 175 391 223
006733 479 179 525 209
006752 640 180 671 206
007169 604 186 640 218
007169 609 178 647 209
007341 227 184 284 206
006786 1122 207 1238 327
006958 1093 223 1235 375
007042 444 183 470 200
007051 451 182 494 213
007183 636 177 659 195
007240 374 181 420 208
007466 575 166 607 190
007479 760 188 824 232
006550 527 182 575 218
006773 680 171 712 196
007109 1147 143 1237 264
007174 511 171 552 199
006867 1129 172 1213 213
007020 216 160 430 365
007061 1097 191 1242 375
007091 486 180 544 215
007379 632 172 655 191
006432 1114 222 1234 375
006782 872 168 911 190
007047 658 172 702 200
006687 409 183 469 222
007071 1220 205 1241 372
007116 1131 211 1235 363
007175 540 179 569 205
007364 305 172 369 212
006725 1225 205 1242 249
007219 591 174 621 197
006889 304 182 400 234
007309 1107 201 1238 374
007438 627 180 653 203
006586 452 181 481 198
006806 1028 215 1236 362
007138 621 172 652 194
006781 1177 267 1241 374
006788 1114 223 1234 375
007212 1095 234 1242 372
007345 473 177 499 194
007345 477 179 507 200
007419 1226 278 1241 362
006409 965 183 1025 214
006561 1107 226 1240 372
006594 474 180 547 241
006639 598 181 640 220
007132 567 181 606 202
007459 698 181 734 206
007107 1075 219 1236 375
007466 1091 197 1235 359
006445 1224 284 1242 328
006538 628 175 664 204
006570 630 177 702 200
006592 1095 209 1240 373
006700 1225 199 1242 231
006716 670 188 694 206
007219 1092 197 1235 359
006624 126 201 223 248
006937 1078 186 1190 245
007302 1 212 30 262
006943 6 221 253 327
007054 322 185 378 214
007067 626 177 648 198
007146 497 183 520 201
007207 472 188 498 206
007216 573 165 597 184
006619 1126 59 1242 129
007058 2 210 39 249
006459 632 176 657 193
006459 622 177 650 197
006777 1225 32 1242 73
006849 461 179 488 196
006849 448 187 488 205
006990 635 168 673 202
007081 7 161 152 288
007414 480 186 513 214
007190 122 161 268 208
007331 1088 165 1242 375
006416 1145 215 1239 371
006470 3 180 39 217
006373 1 142 185 259
006496 989 166 1081 201
006679 574 173 624 209
006779 1096 207 1242 370
007383 527 169 565 197
006473 420 183 451 203
006997 945 231 1046 328
007029 397 199 444 229
007114 516 182 547 196
007443 574 180 612 204
007286 1225 24 1242 78
006743 540 181 567 204
006907 858 164 888 180
007350 567 187 596 207
007402 449 181 524 238
007268 679 183 710 205
006426 132 189 385 289
007043 1163 193 1234 229
007325 632 188 674 222
006527 662 172 713 201
006531 1052 92 1242 255
007060 264 170 292 198
006562 351 181 409 219
006639 337 177 413 205
006770 632 181 651 198
007160 651 174 685 208
007279 1226 180 1242 216
007382 1091 198 1236 357
007405 1089 203 1232 357
007439 241 174 326 219
006761 834 225 940 264
006781 403 182 469 231
007256 617 185 646 204
007389 489 162 536 187
006525 765 164 1077 367
006625 66 206 159 237
006632 530 158 585 192
007035 479 191 528 210
006475 163 210 277 252
006638 464 182 525 216
006504 455 184 502 215
006758 945 156 1196 288
006781 315 182 359 211
006810 630 177 663 205
007210 430 195 484 232
006470 1092 189 1182 225
006521 988 1 1242 123
006910 1032 151 1232 246
007102 767 177 869 218
007403 623 165 654 190
007464 643 191 695 240
006770 1188 131 1242 179
006963 188 192 244 221
006553 1 272 45 355
006655 606 180 630 198
006896 1 189 40 239
007101 7 193 129 361
007157 288 188 366 233
007186 528 178 569 194
006448 671 173 702 199
006542 370 179 414 205
006630 288 185 376 235
007162 1024 214 1239 376
007229 360 168 448 208
006976 1 248 38 338
007033 653 178 684 196
007268 67 197 141 231
006455 593 162 625 182
006611 521 180 566 201
007270 1083 239 1231 375
007435 5 196 91 249
006842 878 162 962 193
007303 609 173 637 193
006404 579 190 606 215
006708 1222 296 1242 338
006960 473 180 516 213
007166 622 162 653 186
006409 1225 270 1242 315
006675 7 136 66 195
007313 3 182 36 222
007336 1224 208 1242 257
006523 526 180 547 196
006620 473 169 531 196
006628 765 166 848 218
007114 406 190 455 219
006511 2 195 49 274
007186 517 181 562 198
006448 283 182 374 227
006574 452 168 495 186
006904 640 172 680 203
006974 638 172 662 190
006974 637 164 662 185
007062 570 185 599 207
006837 758 180 790 207
007117 953 212 1224 368
007170 539 162 580 195
007479 817 178 850 201
006390 416 182 505 234
006570 1 254 49 366
006694 1225 237 1241 296
006768 1073 196 1127 230
007040 614 188 635 207
007040 610 186 629 202
007040 615 180 633 196
007480 183 162 385 251
006403 396 186 499 259
007039 497 182 536 207
007176 952 208 1222 372
007185 546 175 590 211
006618 549 181 581 207
007293 1224 296 1242 337
006410 345 190 466 273
007209 626 172 657 196
007281 546 178 570 200
007475 832 188 861 205
007475 824 178 850 196
006624 144 220 223 252
006773 924 207 1220 376
006827 2 242 64 321
007168 389 189 432 212
007315 1168 178 1242 371
006418 633 175 659 197
006744 1083 241 1220 369
007423 653 166 692 204
006857 654 179 683 203
006919 418 189 492 218
007233 615 177 640 200
006534 1102 241 1242 342
006689 1206 244 1242 371
006823 1010 1 1242 73
007014 633 175 656 194
007138 837 194 1070 341
007399 594 174 624 196
006538 366 181 429 211
006674 1085 219 1236 371
006711 747 156 796 181
006797 981 181 1239 374
007087 533 191 568 218
006648 976 148 1103 216
007316 1088 222 1235 375
006788 655 175 686 195
006826 861 160 903 183
007131 545 178 580 207
007135 767 88 860 148
007337 1003 192 1217 371
006529 568 176 588 193
006602 749 185 890 294
006723 525 168 554 190
006803 607 167 640 205
007207 477 181 502 198
007207 480 190 506 207
007378 1219 217 1242 265
006425 1219 37 1242 77
006459 670 177 707 199
006606 605 168 634 190
007203 557 174 576 191
006570 536 176 577 195
007029 1221 183 1242 222
007171 1113 225 1234 375
006521 1123 202 1239 373
006562 488 177 520 198
006590 617 171 651 199
006695 912 192 1235 364
006888 1030 60 1242 262
007060 261 181 285 206
007180 1043 216 1237 375
007209 603 168 640 197
007226 1091 213 1234 375
007079 430 182 475 205
007274 923 233 1126 376
006620 1073 174 1238 351
006670 7 212 213 376
006553 1018 175 1065 197
006664 575 162 613 187
006958 451 184 508 216
007317 740 177 767 195
006932 719 192 915 290
007043 1226 162 1242 198
006615 585 182 609 204
006719 1203 237 1242 366
006741 1028 1 1238 112
006745 1105 195 1238 369
006898 1219 299 1241 342
007156 679 178 874 244
007204 956 117 1224 353
007282 24 224 315 370
006796 788 177 951 275
007051 501 177 537 203
006481 1090 189 1239 372
006496 1186 1 1223 35
006611 530 172 564 193
006744 750 144 817 168
006745 10 192 104 356
006855 1 208 26 246
007122 1046 154 1120 185
007386 165 187 260 223
006522 564 170 583 185
006522 562 164 583 180
006723 588 170 611 190
007066 1086 227 1235 374
007247 1158 187 1236 367
007340 468 176 504 209
006361 1187 225 1242 370
006768 610 179 653 211
006610 1169 211 1241 375
007004 69 165 111 200
007250 1221 245 1242 305
007255 1184 145 1224 188
006884 1225 301 1242 346
006978 22 217 344 357
007054 1 1 268 54
006587 936 2 993 35
006694 966 178 1185 358
007163 490 190 526 215
006369 1207 171 1242 199
006809 1217 91 1242 135
006945 917 167 994 202
006512 436 177 466 195
006628 793 166 870 214
006809 1082 214 1242 268
007357 552 176 578 196
006416 674 154 733 221
007377 41 192 449 362
006415 1 216 31 256
006708 636 172 653 188
007088 703 163 743 206
007102 487 174 519 193
007140 51 200 157 294
007141 464 183 510 210
007393 16 173 253 281
007143 438 186 467 208
007219 587 167 616 191
007440 156 202 235 238
006462 380 193 412 214
006523 501 184 525 203
006647 702 178 752 213
007194 1 209 94 264
007121 536 183 564 206
006591 1218 222 1242 276
006846 657 178 701 216
007027 928 172 1042 213
007029 433 190 478 220
007142 1033 189 1231 375
007243 808 150 1008 263
006405 633 155 685 204
006376 332 178 375 203
006824 9 194 95 228
007406 1199 167 1242 265
006390 226 196 484 334
006468 1218 288 1242 353
006627 1052 189 1241 359
006936 997 198 1242 369
007205 598 188 622 209
007257 1059 182 1133 206
006466 1060 250 1242 334
006875 293 202 352 229
007142 1140 198 1237 369
007205 443 193 471 215
007418 653 194 684 221
006475 400 179 483 226
006648 597 188 635 214
006991 1033 1 1242 123
007374 103 183 313 260
006404 311 192 493 338
006427 1 203 74 259
006553 1148 249 1237 366
006850 1222 35 1242 97
006949 70 144 183 195
007109 988 185 1215 362
006718 1202 196 1242 370
006928 211 168 320 227
006390 301 191 449 266
006842 585 175 612 191
006888 1 106 174 196
007400 526 172 556 192
006897 433 183 510 221
007357 846 156 894 176
006912 539 173 561 188
007045 1 102 89 172
007174 832 160 882 185
007353 664 173 710 206
006375 1213 1 1242 30
006717 1137 119 1236 170
007169 1056 196 1232 375
006542 815 166 851 190
007208 1227 253 1242 296
007316 1 182 224 311
007465 593 179 792 264
006430 552 172 587 201
006522 1108 188 1214 228
006543 809 181 904 222
006569 804 175 836 195
007143 434 174 468 197
006530 811 159 866 190
006551 927 198 1221 372
006779 3 192 41 228
007044 2 189 25 221
006842 520 177 557 202
007053 622 171 668 207
007054 1206 1 1242 30
007208 1225 285 1242 350
007420 1076 208 1235 359
007433 557 160 600 185
007101 296 184 475 269
007459 1211 1 1242 33
006475 1187 248 1237 363
006402 517 179 551 202
006576 1036 188 1239 267
006624 148 221 292 275
007463 1197 239 1241 367
006647 778 166 812 193
006546 979 204 1121 251
006913 479 186 506 203
007015 427 187 468 215
007349 1 131 69 183
006438 1088 225 1235 375
006853 74 182 333 307
006857 618 181 647 204
007013 741 175 759 192
007117 658 179 699 218
007156 1152 157 1239 373
007176 563 177 600 205
006419 1129 209 1235 369
006514 839 12 1242 126
006902 433 176 494 206
006997 483 191 516 213
007256 624 187 660 216
007170 1093 200 1230 374
006525 1061 32 1238 281
006791 423 177 458 195
006843 492 187 532 216
007089 628 179 650 199
007089 622 183 645 204
007134 7 167 78 219
006680 330 169 367 190
006699 843 184 883 228
006794 585 187 618 218
007233 626 170 658 203
007365 1012 200 1235 375
007386 324 180 370 201
006570 1202 236 1242 372
006697 1052 200 1227 374
006853 1031 217 1239 376
006390 14 203 255 364
006820 312 186 395 238
006978 1074 212 1236 376
006973 407 183 438 204
006998 383 181 415 202
007322 1129 211 1235 367
007274 1109 193 1241 367
006784 1091 217 1238 375
006938 1117 223 1242 374
006428 1109 210 1240 369
006627 1217 191 1242 231
007393 260 176 362 216
006418 1130 211 1234 368
006421 653 177 702 218
006834 354 178 391 198
006888 700 155 730 174
007166 617 150 654 178
007029 1225 198 1242 237
006445 1117 1 1242 45
006612 1061 132 1239 335
006655 175 199 273 244
006777 1217 51 1242 93
006958 1188 142 1242 176
007386 383 180 497 226
006587 611 179 646 208
006930 601 188 622 205
007015 509 180 544 207
007380 1050 222 1234 372
007057 538 160 575 181
007229 371 185 433 217
007406 485 183 512 200
006394 740 204 1164 374
007060 1094 217 1237 373
006565 1056 179 1238 364
006590 583 180 628 211
006609 114 227 200 267
006859 315 180 370 210
006921 658 152 688 176
006989 1130 221 1242 357
007002 176 174 292 225
007050 241 182 294 208
007459 1222 33 1242 76
006698 1099 216 1234 375
006809 1222 80 1242 118
006932 229 179 350 244
006939 640 179 673 206
007164 586 182 611 208
006383 1105 222 1238 374
006599 496 172 516 194
006403 572 184 606 207
006427 438 176 551 253
006474 1 207 79 261
006522 530 167 559 189
006786 405 173 450 198
007071 1186 138 1241 189
007414 550 180 599 215
006442 432 182 463 201
006466 1059 209 1242 285
006478 1139 214 1238 366
006526 1201 235 1224 305
006624 23 197 249 310
006893 1222 142 1242 178
006396 393 161 441 191
006947 973 195 1242 373
007070 1002 181 1052 206
007361 443 187 502 217
007361 439 179 490 207
006495 641 173 676 198
006528 1187 220 1242 365
007444 1082 201 1229 370
006432 665 177 704 204
006736 1221 38 1242 74
006827 1044 209 1167 249
006926 1221 16 1242 60
007035 345 198 430 235
007169 1225 125 1242 176
006919 807 168 843 192
007038 475 172 504 198
007267 1209 250 1241 373
007283 651 174 707 222
007403 645 174 688 210
007424 655 178 700 216
006369 1073 202 1237 368
006554 701 166 724 186
007475 829 194 1198 374
006637 304 187 391 237
006934 22 279 142 357
007285 1225 151 1241 185
007449 19 174 376 370
007478 1206 1 1242 45
006366 600 174 628 192
006522 1207 180 1224 218
007029 477 184 506 207
006420 38 178 180 252
006444 7 226 198 367
006562 410 178 445 206
006926 240 177 365 232
007091 668 186 723 234
006392 566 179 600 207
006541 919 228 1159 372
007131 641 175 669 194
007175 548 187 577 212
007315 617 175 668 213
006537 938 180 1018 246
006846 633 173 660 197
007048 1095 189 1160 223
007060 1214 238 1242 365
007102 394 182 439 214
007232 2 185 38 219
007314 503 176 533 196
006475 1151 175 1232 294
006911 743 171 781 192
006995 822 179 896 217
007019 477 181 523 212
007316 1 171 122 295
006495 415 188 491 231
006835 1220 235 1241 273
006940 328 196 376 226
007109 22 230 307 363
006757 1216 297 1242 340
007000 1060 209 1237 375
007088 595 166 636 196
007238 1051 191 1235 375
006559 1203 239 1241 369
006967 104 195 175 226
007303 1034 197 1241 348
007309 615 181 648 204
006780 1070 192 1241 376
006911 585 178 630 203
007293 1202 288 1241 362
006532 1219 279 1242 322
006633 579 174 608 203
007277 1083 214 1235 375
007329 813 214 1204 371
007353 1220 250 1242 356
006388 1017 184 1241 373
006595 393 179 463 233
006936 1224 318 1242 362
007121 556 177 583 199
007302 1204 1 1242 32
006488 1115 80 1238 139
006636 1086 221 1239 372
006439 579 191 616 220
006525 965 23 1241 207
006546 975 192 1108 231
006648 556 171 630 226
006909 334 193 474 239
007028 625 181 648 204
007297 202 3 395 56
006700 1223 245 1242 303
006896 1202 211 1242 375
007108 1204 237 1242 366
007409 978 204 1070 240
006381 1056 230 1236 372
007064 267 189 320 213
007280 621 180 646 205
007298 1218 26 1242 61
007379 1224 301 1242 347
007423 651 176 681 203
006846 615 172 645 199
007034 1058 207 1239 333
006603 1 97 33 132
006995 825 181 875 202
006527 660 164 706 193
006821 1222 286 1242 355
006511 2 232 31 280
006553 1033 181 1109 228
006569 363 186 399 206
006569 360 177 399 198
006937 1081 214 1211 374
007003 406 176 525 218
007122 1138 151 1242 191
007244 585 166 615 191
007378 1223 233 1242 272
007433 1 177 74 258
007480 625 175 668 207
006683 1073 196 1238 375
007132 633 182 673 210
007178 327 194 412 256
006370 968 1 1227 112
006877 324 182 373 204
007406 1223 236 1242 277
006483 140 164 336 230
006624 1100 214 1236 376
007219 572 165 604 188
007263 657 185 693 217
007349 650 165 681 186
007452 9 129 124 245
006501 971 1 1242 102
006556 1010 226 1242 373
007063 1221 29 1242 68
007064 353 181 386 200
007114 654 176 710 212
007377 2 195 56 255
006521 1218 8 1242 54
006824 282 175 327 195
006984 4 188 106 277
007097 999 199 1227 367
006882 1128 247 1233 330
006667 389 202 432 228
007002 1048 220 1242 369
007260 176 191 330 248
007393 701 184 754 228
006360 1222 138 1242 185
006857 1082 7 1242 81
006907 859 183 886 197
006963 211 183 258 207
007292 599 176 624 201
007334 337 178 398 209
006490 201 184 260 209
007099 571 172 625 219
006463 655 175 690 199
006632 2 163 32 208
006977 595 183 621 201
006977 593 179 616 196
007329 1093 221 1237 375
006437 1080 241 1242 375
006823 581 195 623 231
007087 1217 65 1242 111
007116 905 184 1006 239
007465 127 192 237 238
006753 399 172 500 209
007015 273 184 360 231
007258 580 153 675 198
007405 348 173 436 214
006944 455 188 484 206
006425 1077 203 1238 375
006498 509 182 558 205
006757 488 174 525 198
006912 285 198 335 224
006916 1220 286 1241 349
007019 1064 229 1240 375
007100 15 182 116 267
007141 660 184 692 210
007281 992 140 1097 190
006513 629 172 657 197
006769 5 188 199 337
006789 9 189 158 250
006843 648 172 677 198
007341 260 183 337 221
006414 148 193 239 229
006427 407 183 489 232
006762 414 196 451 218
006381 1200 249 1241 365
006490 1095 256 1236 349
006893 1079 213 1235 375
007161 2 224 75 282
007183 1226 23 1242 81
007342 2 171 147 371
006455 598 173 626 194
006534 1 130 34 173
006812 2 230 103 341
007319 1042 2 1163 40
006869 932 1 1001 23
007145 1219 287 1241 339
006747 537 180 560 200
007235 413 181 445 200
007403 647 169 677 194
006497 1097 221 1236 376
006708 1224 1 1242 38
006756 358 176 397 200
006862 265 197 373 254
007132 998 147 1078 184
007195 666 175 828 229
007420 689 1 1202 107
006483 437 179 464 197
006811 513 170 537 187
006917 488 181 553 227
007022 1068 211 1241 375
007162 8 213 212 325
007294 660 175 718 226
006853 2 167 52 210
007038 277 184 345 217
006396 412 160 463 187
006528 1 205 52 285
006545 1217 142 1242 190
007070 1142 175 1242 250
007177 1051 137 1240 374
007233 522 169 555 195
007388 576 171 661 227
006702 1226 185 1242 221
006769 254 156 395 234
006945 885 156 983 195
007091 650 177 678 198
007091 645 173 671 194
006455 1093 170 1232 374
006731 1219 171 1242 202
006919 1207 1 1242 21
006369 7 208 54 237
006389 661 176 751 225
006405 1202 1 1241 37
006879 1091 146 1237 246
007140 1219 249 1242 338
007177 525 176 563 199
007299 5 205 95 255
007015 299 204 403 255
007077 1175 215 1222 260
007227 1 112 40 156
006617 1161 209 1219 370
006624 190 193 299 227
006803 2 216 33 262
006863 424 168 459 192
007003 1220 23 1242 78
007007 227 201 293 228
007169 598 180 631 207
007264 519 179 557 216
007274 999 220 1233 373
007437 24 208 245 371
006711 580 173 612 192
007034 610 177 641 206
007324 66 176 304 259
006637 1105 220 1235 375
007058 1203 266 1242 363
007336 2 79 45 120
006779 1208 186 1242 370
006806 905 236 1073 356
007020 231 178 398 255
007169 788 211 951 315
007479 1222 302 1242 361
006375 582 170 616 199
006533 1219 52 1241 88
006559 948 1 1143 60
006674 1221 15 1242 57
007044 1227 230 1242 264
006438 654 184 684 204
006682 1138 143 1220 176
007047 1185 236 1240 368
007161 829 1 1229 143
006396 1186 149 1224 188
006726 1084 241 1234 376
006732 1223 219 1242 260
007063 1037 210 1238 375
007246 1209 257 1242 369
006897 51 159 257 325
006958 1208 1 1242 23
007112 1224 30 1242 73
007298 73 206 162 247
007314 456 169 479 185
006435 1 225 113 367
006604 588 170 616 199
006646 1106 214 1241 357
006874 440 184 474 203
007204 890 195 1060 309
006410 620 170 639 186
006534 1226 24 1242 68
006639 387 187 478 240
006738 383 174 433 197
007099 257 182 398 269
007275 1224 218 1242 259
007319 302 191 390 251
006496 1165 2 1218 30
006561 583 183 608 208
006762 517 183 539 201
006926 592 172 623 195
006441 602 175 679 233
006673 320 182 427 224
006691 1 224 80 278
007024 1116 173 1242 373
007157 3 198 38 232
007218 235 179 302 220
007464 2 222 62 280
006402 1226 246 1242 286
006463 643 179 673 204
006630 969 143 1101 195
006631 986 1 1242 153
006683 913 186 1240 375
006869 472 167 526 202
006478 1035 160 1238 221
006602 220 182 402 256
006930 536 201 560 220
006963 1217 3 1242 39
007087 684 179 724 217
007119 1106 216 1236 375
007285 1224 280 1242 339
007453 453 185 481 200
006675 327 175 434 223
006836 456 179 486 198
007085 441 179 485 202
007171 639 174 703 225
007304 1221 3 1242 42
007406 1224 250 1242 292
006617 1208 112 1224 141
006734 649 168 690 197
006736 1106 166 1239 331
006949 1089 181 1232 369
007249 1206 244 1242 359
007250 1223 212 1242 279
007306 318 166 353 186
006524 524 177 555 196
006562 751 175 855 218
006564 721 162 751 179
006741 1218 22 1242 89
006829 1086 199 1236 374
007066 675 172 706 191
007319 128 264 187 309
006499 1209 214 1241 330
006577 1112 209 1238 375
006771 423 186 455 205
006854 1001 210 1240 375
007122 1226 226 1242 281
007243 626 175 662 206
007283 1090 225 1237 375
006498 1115 199 1239 375
006577 567 179 600 208
006911 743 185 794 205
006964 1134 236 1241 375
006402 1227 232 1242 272
006532 380 168 484 219
006547 1203 274 1242 353
006982 174 182 239 224
006438 545 171 574 193
006732 1110 137 1242 241
007354 1 1 176 70
007438 954 188 1230 356
007449 946 189 1216 376
006544 666 2 735 30
006814 1170 182 1239 368
007019 679 183 718 218
007148 1075 201 1228 372
007163 1187 189 1242 375
007291 1227 115 1242 179
007440 469 198 505 221
006384 1228 294 1242 334
006460 1149 138 1237 203
006529 1 218 61 267
006789 433 177 501 234
006889 181 189 374 273
006945 1222 31 1242 77
006961 925 173 986 218
006461 903 174 955 198
006490 266 181 308 201
006533 1219 65 1241 100
006928 215 183 372 250
006998 547 167 574 193
007137 891 171 1191 293
007403 630 177 661 202
007403 635 170 666 195
007440 113 198 184 238
007474 1222 303 1242 359
006576 2 194 25 231
006788 735 171 758 191
006788 728 160 762 184
006851 983 208 1227 372
006565 566 185 585 202
006565 559 182 579 202
006692 556 173 581 192
006715 564 178 581 195
006856 1084 223 1237 374
006952 275 181 366 236
007428 154 200 212 225
007445 2 216 32 261
007198 1198 269 1239 364
006397 470 190 518 208
006401 663 175 712 208
006587 1012 215 1236 365
006896 547 173 570 193
006997 1110 240 1242 342
006366 3 214 37 258
006762 599 175 625 201
006778 742 179 779 202
006814 504 167 560 226
007356 628 175 652 194
006476 22 208 98 245
006818 2 184 100 237
