225 196 439 327
469 179 537 224
745 180 1006 328
694 177 836 277
573 189 642 253
1 192 193 265
193 166 381 264
739 187 862 272
707 177 890 253
952 195 1239 374
1 172 193 307
770 190 935 261
699 179 899 315
11 184 241 270
4 192 357 373
475 163 554 224
42 171 379 280
1 205 369 374
710 181 960 353
605 184 688 245
1 197 143 367
946 177 1242 367
33 172 319 272
717 192 853 283
210 193 421 334
781 152 1083 317
252 208 458 353
814 167 1235 375
54 190 235 272
787 201 1221 372
1055 156 1242 264
59 213 376 365
769 177 874 258
741 184 962 326
126 188 276 275
259 179 471 312
88 197 361 277
58 180 424 374
876 139 1064 206
379 192 480 256
167 178 484 372
854 144 1041 205
406 179 508 253
140 194 394 328
317 186 468 283
755 205 1134 375
660 189 751 254
353 186 492 256
1 179 356 373
269 188 451 294
435 185 520 243
121 184 416 346
719 175 873 268
781 179 1170 365
708 179 794 249
834 178 985 244
31 183 239 292
959 182 1072 236
31 204 448 376
2 157 297 371
351 163 469 261
6 194 377 374
854 201 1234 370
685 179 865 313
5 201 385 374
374 187 502 280
728 172 927 306
516 170 604 225
752 181 954 283
250 184 533 344
1 198 254 336
471 177 562 251
254 184 530 374
280 188 466 288
816 206 1221 375
1 194 150 319
313 190 438 265
126 193 277 265
517 165 743 369
325 190 472 278
388 178 482 234
441 190 523 246
9 194 278 354
910 173 1239 371
693 178 786 241
567 188 641 259
283 186 429 284
19 186 256 296
593 176 660 240
26 191 468 372
755 185 943 284
427 188 521 257
206 188 449 345
917 151 1242 318
1 218 235 374
417 188 525 257
698 188 803 265
20 203 440 374
518 176 732 259
905 179 1168 323
3 201 296 355
407 187 514 263
274 180 383 248
1 202 306 375
2 191 296 361
117 183 359 331
23 197 192 266
107 179 300 234
1 200 316 374
344 188 432 256
177 190 446 363
478 171 545 226
950 183 1242 370
757 181 948 298
983 184 1242 294
742 159 933 287
762 189 1242 375
809 194 1232 348
689 185 849 250
12 184 219 275
790 163 992 279
356 205 513 300
788 178 952 316
766 156 1092 366
606 159 680 214
359 194 522 303
663 189 734 243
420 186 531 241
215 188 390 285
1 208 342 375
722 173 977 348
777 188 978 306
1003 181 1242 300
700 177 792 243
273 192 425 294
12 190 275 284
804 172 1014 312
525 200 624 270
923 185 1239 372
690 183 804 265
71 193 446 375
637 175 761 284
703 179 805 252
1016 190 1239 371
298 180 623 359
847 193 1241 373
1048 165 1207 272
915 189 1242 372
267 177 412 226
1 196 209 375
894 162 1235 309
519 164 743 375
489 184 749 264
3 197 273 361
551 173 716 324
336 193 447 273
689 162 815 256
805 175 1054 322
359 179 468 261
725 187 875 274
150 179 388 297
1 179 119 299
1 194 199 320
787 166 900 249
925 154 1242 375
567 175 646 243
907 151 1242 375
236 190 484 334
798 213 1211 375
713 175 875 297
402 181 527 279
749 178 990 324
126 201 343 307
95 192 348 339
766 174 1178 373
942 204 1242 373
778 186 1071 364
301 180 526 263
1 197 297 325
1 183 242 371
764 189 962 324
116 181 387 271
1 174 355 373
395 185 484 244
885 199 1240 373
666 170 756 245
851 186 1231 373
301 190 434 235
1 182 248 348
379 173 522 286
132 192 257 253
573 175 647 235
2 212 244 371
920 193 1242 374
719 180 944 328
957 182 1242 374
872 169 1144 265
621 163 711 231
134 180 316 270
752 184 968 297
91 173 183 211
1 196 332 373
300 178 427 265
798 179 1033 266
846 201 1242 374
389 172 499 258
713 181 884 290
771 210 1113 375
5 199 385 374
400 190 511 272
324 186 509 310
1 196 296 374
433 169 532 237
461 172 624 275
923 199 1242 375
812 169 1049 361
803 173 1181 372
187 189 361 300
735 177 894 276
136 188 255 241
774 180 1018 333
153 194 345 313
782 198 1226 374
842 183 1242 372
4 174 309 308
813 181 1172 364
56 180 395 371
748 174 871 267
488 168 576 210
1 195 403 373
402 186 519 275
1 209 199 317
251 191 363 252
544 179 716 352
866 176 1224 368
752 173 932 297
234 177 341 231
516 166 729 370
942 175 1083 223
202 173 390 244
293 179 586 279
993 180 1242 350
742 180 943 252
1 186 303 356
257 180 474 250
368 186 487 267
383 171 506 260
172 200 454 364
582 184 677 267
1094 180 1242 244
307 190 451 299
3 177 316 357
451 185 542 241
793 184 1207 369
8 166 367 367
360 181 485 271
716 173 883 288
823 170 1145 374
282 179 471 307
255 189 342 229
894 189 1060 301
449 185 541 256
124 184 304 298
406 183 583 257
717 181 939 296
681 185 775 243
767 175 896 229
46 193 205 266
237 205 360 273
721 179 863 288
784 182 1064 371
255 183 426 255
930 161 1127 227
745 201 887 287
106 189 385 335
469 178 544 235
985 198 1240 374
212 189 410 296
1 196 201 307
295 197 492 335
349 185 426 230
523 208 880 375
368 186 549 315
1 202 336 374
265 190 420 276
227 192 487 363
588 174 665 238
1034 169 1242 291
293 192 427 286
305 190 463 307
503 155 744 262
179 205 467 373
735 166 1041 375
336 180 523 314
712 181 838 274
86 179 440 368
757 180 1017 338
775 183 1157 368
679 184 749 240
1 186 418 371
347 177 469 270
1 192 360 375
685 182 764 247
819 178 1242 375
797 165 1242 374
34 174 432 375
736 173 958 316
737 197 979 343
704 170 819 272
254 197 393 277
208 186 314 240
725 186 882 289
798 192 1156 372
481 179 630 264
1 192 145 270
451 185 529 241
144 184 258 230
146 173 398 328
380 182 509 256
790 183 1064 364
706 171 855 283
1 188 274 374
662 186 819 290
155 193 454 357
1032 193 1242 362
171 175 474 374
55 206 410 374
384 201 546 298
437 184 559 240
38 195 209 256
1 202 262 376
922 186 1242 375
797 175 1038 311
278 198 468 319
815 196 1112 361
1 210 333 374
723 178 857 274
352 137 527 284
959 182 1071 236
208 180 422 292
780 176 1027 336
197 186 399 305
688 179 790 255
232 192 348 262
2 200 134 328
372 184 450 249
415 161 518 244
253 194 476 355
1 198 261 339
1 204 340 374
337 203 493 314
491 176 588 251
784 175 995 281
606 173 679 238
241 191 395 311
744 187 934 272
769 177 1049 372
1 162 219 364
1 187 300 368
1 194 197 314
453 186 550 248
852 184 1241 375
253 181 450 294
764 184 1029 360
822 186 1232 375
31 199 314 346
4 192 269 324
690 169 803 267
894 185 1237 375
769 163 1085 334
1007 170 1242 301
343 182 463 258
1 198 340 375
401 182 506 255
1 197 266 320
715 179 869 242
305 177 461 284
255 189 429 279
7 184 202 307
11 190 316 316
736 154 970 317
586 167 811 253
926 175 1054 228
728 173 1026 362
1 186 247 370
841 181 1223 371
266 197 391 281
286 190 410 269
1 196 122 310
49 199 179 244
520 165 743 375
876 178 957 241
1031 199 1242 372
806 170 1176 364
6 153 184 359
240 185 409 315
215 175 468 350
1 192 139 259
439 189 512 228
1 202 276 375
279 183 449 288
224 191 349 255
2 206 151 323
742 191 998 358
71 165 368 289
759 171 946 267
1 190 138 297
974 163 1236 372
687 175 802 268
1 211 426 373
413 187 505 279
211 175 406 307
247 194 452 264
715 171 982 273
836 177 952 223
3 189 333 372
927 181 1242 366
834 195 1110 358
716 178 888 298
429 187 548 247
600 176 664 240
166 176 379 263
866 185 1242 374
2 211 228 375
844 191 1206 367
221 197 421 297
761 183 910 281
2 185 120 239
589 184 656 242
750 196 950 301
13 183 307 368
710 177 831 273
85 196 260 255
854 175 1242 368
2 180 226 375
579 176 651 240
178 190 341 259
766 180 1228 372
727 187 919 308
782 184 1083 350
674 177 742 233
935 177 1242 358
319 188 494 300
646 188 767 274
1 177 259 359
220 181 377 270
1 203 172 355
423 185 511 249
1 198 352 375
686 175 777 253
221 199 416 295
1 188 156 260
567 179 669 275
261 187 370 251
1 192 153 319
2 203 283 354
239 196 395 280
711 176 868 279
768 174 991 305
1 203 269 375
281 182 416 266
456 190 559 256
525 169 738 375
12 151 348 355
330 177 436 248
768 165 975 316
902 172 1224 368
202 176 329 240
53 175 262 278
513 171 744 374
1023 189 1242 375
1 157 185 313
192 170 459 372
206 181 470 346
691 184 789 251
886 184 1242 374
726 180 909 301
512 175 743 374
702 178 778 237
822 178 947 240
4 173 386 372
728 182 931 319
1 235 308 367
310 183 465 279
146 180 441 340
714 179 938 264
550 173 716 324
85 184 248 257
520 165 743 375
2 202 246 371
816 186 1212 373
85 185 233 252
1 211 243 373
721 173 906 287
208 198 381 288
702 191 806 252
1005 161 1238 245
3 200 253 307
307 190 466 297
147 187 262 240
512 182 645 276
703 188 917 325
424 179 526 268
50 189 278 287
7 194 184 308
767 181 950 316
921 185 1241 373
938 188 1242 371
757 187 961 320
163 222 402 369
357 185 482 285
214 200 423 335
1 191 160 324
234 193 362 249
1 190 203 318
256 173 416 237
729 187 833 259
591 180 659 240
121 181 379 331
1 206 291 323
2 181 108 329
261 193 478 332
378 178 468 243
259 168 479 325
427 182 550 248
546 186 784 286
5 194 179 257
198 208 433 348
202 185 446 346
440 171 626 273
5 189 191 270
819 171 1242 374
240 206 425 321
685 180 795 266
374 194 491 274
2 198 192 333
281 181 398 260
69 189 309 316
398 167 502 242
749 172 1016 268
21 160 311 262
162 194 318 269
1 185 180 287
716 189 839 269
816 168 1145 362
487 187 553 239
421 188 541 261
727 174 948 325
8 215 426 375
372 200 527 303
510 192 625 263
729 164 897 281
930 191 1240 375
450 177 545 248
662 185 731 242
43 191 200 254
741 174 1058 291
582 177 711 293
188 191 305 244
843 161 1101 335
617 181 894 299
338 188 694 314
577 173 718 296
873 166 1192 368
1 182 121 290
788 188 1077 361
761 181 1102 375
1015 142 1242 375
520 165 743 375
100 193 233 261
565 175 668 265
405 188 529 267
765 183 1040 362
6 207 371 373
278 195 460 310
813 185 1228 375
555 180 630 251
695 174 803 259
1 203 275 374
336 192 427 265
870 207 1235 374
896 188 1242 372
769 175 958 312
709 181 824 269
403 176 543 268
289 184 425 288
772 172 941 274
693 176 816 270
1 195 393 373
391 191 512 269
435 191 550 265
835 207 1242 375
2 192 340 375
166 183 496 375
305 186 498 311
2 194 338 372
3 186 257 299
677 171 758 238
817 182 1147 372
7 201 382 374
1 205 295 374
359 189 471 261
870 181 1234 375
231 194 386 286
6 192 414 375
439 179 521 238
776 164 1065 345
315 160 470 271
685 154 851 274
660 159 762 231
243 188 322 226
1 207 331 374
646 179 742 242
421 184 522 258
122 178 335 301
397 189 484 240
5 183 322 374
673 168 767 249
871 167 1241 375
219 185 334 270
153 164 468 375
285 198 406 270
349 183 500 248
39 193 401 374
777 181 912 286
810 175 932 240
388 163 514 266
1 166 167 279
556 169 673 282
571 180 637 247
782 161 1215 375
371 187 508 294
9 197 403 369
755 183 969 312
1 193 302 355
786 182 1029 336
835 153 1242 289
449 175 549 250
2 213 254 370
212 190 378 290
356 191 468 244
826 192 1233 374
583 176 662 244
335 185 412 233
999 179 1221 250
827 176 1164 365
957 185 1242 372
508 176 560 212
131 203 444 372
161 180 294 239
551 172 717 324
525 174 589 226
1 210 259 375
289 192 435 285
847 206 1238 375
97 186 437 372
836 184 1232 373
247 189 339 233
27 173 362 365
349 186 491 265
707 176 899 299
934 171 1240 375
376 187 481 258
1 197 238 284
705 180 820 261
951 185 1235 373
1 203 118 280
417 176 537 267
1 191 216 361
436 184 510 239
815 147 1162 283
262 175 377 240
2 189 244 372
81 193 243 262
290 183 456 239
673 165 865 248
747 175 963 320
877 180 1235 375
167 195 407 337
342 183 465 281
546 155 621 209
664 177 772 261
402 179 542 271
3 183 278 364
61 204 381 371
725 188 947 278
701 181 852 283
119 168 413 372
849 163 1135 282
1 178 164 262
309 187 448 270
5 190 185 314
315 191 533 350
599 172 667 238
177 175 422 324
437 178 502 232
368 178 441 230
318 195 427 275
757 186 963 359
741 180 931 302
447 178 528 240
323 192 496 302
1 226 270 373
385 192 506 281
404 188 517 282
571 176 676 291
366 177 495 283
431 185 506 231
318 193 453 281
747 137 1102 352
101 184 385 374
19 204 304 350
1 168 370 373
877 182 1078 282
799 188 1185 375
703 179 824 278
341 193 507 291
8 177 346 375
712 180 793 248
862 178 990 252
1 206 191 347
594 182 689 269
958 173 1242 375
963 194 1239 343
1 187 155 371
10 163 415 371
600 174 842 271
736 189 994 280
1 165 286 290
992 194 1240 352
24 182 354 314
2 191 297 359
781 184 971 305
1022 182 1233 299
271 178 470 317
862 130 1240 371
615 178 695 235
1 197 243 376
295 191 438 270
129 186 427 353
814 165 1190 375
450 161 524 217
726 177 884 284
986 182 1189 275
240 196 446 326
520 166 588 232
789 175 1035 351
757 179 871 263
755 178 972 309
1 210 201 373
722 170 885 298
1 194 343 373
11 204 428 375
2 192 296 360
1 201 339 376
373 186 486 254
392 178 512 263
358 174 474 265
802 160 911 247
924 120 1242 371
566 174 670 267
70 186 266 271
208 187 376 288
2 192 305 290
6 157 380 372
719 178 847 263
518 163 743 371
364 174 542 240
1 179 336 374
828 187 1242 374
531 172 658 255
782 193 974 310
1 189 276 375
166 200 485 374
302 187 540 341
618 181 693 249
2 198 346 368
190 193 422 322
343 179 457 248
1 187 243 291
719 182 882 289
905 172 1242 374
245 185 491 322
441 177 543 253
44 200 449 375
854 203 1231 373
655 170 709 213
1 194 188 293
569 186 654 267
1 214 218 375
467 186 568 250
685 186 760 245
249 189 502 354
811 169 970 234
710 182 993 368
4 202 288 343
611 173 734 270
554 177 714 325
210 185 332 241
1 189 194 319
785 189 1101 359
198 191 387 289
8 216 181 372
1 209 281 374
257 192 446 314
661 172 747 242
816 207 1242 373
695 177 804 264
6 223 348 375
441 186 538 256
828 195 1242 375
735 198 955 324
561 174 688 285
882 171 1239 375
727 169 864 254
815 155 1157 375
855 189 1242 364
741 167 908 286
693 176 800 251
382 192 499 269
438 180 589 249
1 189 330 373
558 174 632 238
560 177 677 277
1 171 102 279
178 190 443 356
788 187 1145 367
401 182 539 293
1 192 331 304
317 190 490 301
821 199 1105 351
466 169 544 237
119 167 363 261
743 176 934 341
1 198 355 374
940 190 1242 375
622 184 905 290
535 174 729 262
330 189 453 292
4 173 266 293
40 208 433 375
713 189 884 298
2 191 298 359
769 178 850 241
570 189 697 276
6 197 268 337
130 197 346 274
1 212 166 362
512 181 763 330
1094 186 1242 374
333 192 490 272
962 173 1147 259
1075 161 1242 257
1031 149 1125 202
208 162 419 240
594 174 649 227
742 174 934 269
224 178 431 256
402 193 490 257
474 192 525 236
608 171 675 225
727 172 843 225
565 169 784 363
705 178 853 299
28 185 429 374
429 192 517 250
145 202 253 248
495 175 550 209
1025 127 1224 197
299 191 366 243
454 188 528 239
143 219 318 301
364 181 490 276
556 171 627 237
216 192 453 270
584 176 647 238
142 183 497 362
786 199 1232 375
679 159 793 253
179 182 372 307
1 200 272 373
666 171 723 213
354 140 481 243
442 170 517 243
665 184 750 244
951 178 1090 224
623 173 673 221
249 194 364 282
141 192 268 256
1 196 149 284
479 186 556 238
664 178 748 246
103 176 296 249
502 176 556 218
328 178 534 277
202 165 461 267
183 199 281 245
1085 197 1242 373
587 176 644 231
89 174 185 209
193 171 254 203
562 168 635 228
415 177 536 221
562 171 682 281
688 168 780 239
958 177 1171 238
396 176 502 252
661 178 737 240
137 184 467 374
67 184 346 287
345 172 503 224
135 189 218 235
1048 188 1241 370
327 178 399 226
701 177 761 228
158 178 413 265
638 169 695 216
9 177 352 298
1 198 140 326
229 181 411 275
1 186 224 289
587 176 642 224
768 169 989 297
440 180 516 234
3 183 229 310
12 190 348 362
39 189 325 299
1073 180 1242 374
2 221 136 375
348 180 434 247
38 193 178 250
460 182 522 238
139 188 243 225
564 176 616 226
407 175 497 216
299 168 472 225
1 216 180 373
455 172 512 221
482 184 569 245
251 180 357 241
141 192 301 273
580 175 639 236
403 189 531 285
184 181 350 270
293 184 424 257
1020 205 1242 372
740 176 879 235
212 172 424 257
380 163 495 212
642 173 709 210
496 178 585 238
363 178 488 267
320 176 426 240
704 176 812 247
979 189 1241 372
140 198 253 244
325 191 463 237
1 221 190 372
336 184 414 228
687 174 794 265
50 189 193 251
1065 157 1184 242
573 174 629 224
20 175 306 289
464 186 527 234
681 179 739 237
293 177 414 243
688 172 754 225
814 175 915 233
708 181 813 246
439 175 537 251
224 161 464 331
1 189 373 374
577 173 638 227
418 211 625 346
786 161 988 221
296 196 453 299
210 188 319 231
427 178 489 241
1000 162 1241 253
809 150 1073 251
781 210 1219 374
760 173 877 223
398 181 499 250
912 162 1222 370
661 174 726 225
365 184 452 242
477 177 548 231
341 189 431 226
305 184 422 259
1 188 176 363
169 171 388 265
619 179 699 251
485 178 549 225
787 159 899 257
464 173 539 239
1032 183 1157 234
725 193 839 260
343 188 466 286
485 199 579 274
963 190 1242 371
656 163 747 240
206 187 399 282
390 194 524 283
5 191 123 252
2 181 105 230
1158 157 1242 209
446 183 514 235
665 175 725 229
1 224 194 375
315 175 490 237
3 183 80 347
999 194 1242 370
24 181 163 237
442 173 509 223
1116 178 1236 264
422 178 499 232
326 176 488 236
881 187 1239 375
1 188 353 373
370 194 481 269
667 174 758 246
359 174 484 251
738 176 881 287
81 196 258 266
665 178 750 245
132 180 393 267
376 183 549 268
510 156 578 208
383 191 471 254
371 188 428 227
295 186 457 249
447 186 520 242
601 176 669 241
1 198 265 355
211 172 489 361
1023 170 1178 232
667 180 739 240
379 186 484 252
124 186 215 224
568 179 624 225
370 173 498 232
166 168 395 299
421 178 490 233
399 183 540 285
692 178 796 258
717 177 872 298
480 178 557 231
202 195 291 238
2 216 348 374
558 172 665 214
721 168 831 220
452 183 522 227
378 186 460 231
275 197 394 257
275 179 432 250
567 179 656 259
163 190 303 256
330 180 411 231
99 200 212 246
1022 219 1242 371
407 174 476 226
590 175 704 277
637 180 711 249
704 173 812 250
253 184 356 257
231 192 346 253
422 177 538 277
325 183 433 246
427 176 518 243
719 178 898 294
659 162 727 214
4 174 299 324
1081 166 1226 215
292 184 443 276
363 182 431 227
456 188 507 225
568 176 627 233
401 184 481 234
101 171 328 255
1 202 145 366
705 182 819 256
373 185 472 240
586 174 650 214
287 188 445 288
278 175 430 233
464 180 547 238
588 184 702 282
13 200 378 375
593 167 709 219
670 161 776 260
191 192 368 297
733 164 870 274
679 176 767 240
1138 172 1236 254
35 185 153 228
195 185 338 252
87 185 208 245
890 221 1236 372
716 181 833 272
748 167 848 240
798 170 915 226
402 183 498 250
271 180 465 248
807 169 957 232
666 167 777 219
425 189 512 246
718 168 830 235
988 187 1242 374
6 169 305 333
456 179 560 247
152 190 239 238
1095 174 1242 262
278 184 505 341
234 189 462 266
1 182 172 294
150 187 287 249
706 175 864 293
126 176 245 229
1 219 259 373
711 186 826 271
729 178 874 289
365 182 497 277
1 195 114 281
287 179 400 241
1 186 267 375
706 164 1161 304
797 162 911 209
746 174 916 304
336 188 437 226
493 164 562 218
296 176 416 253
438 187 527 251
754 161 1240 375
664 169 725 218
728 178 912 310
675 177 759 240
769 166 849 237
339 179 449 223
1047 175 1242 372
811 156 1132 325
182 198 282 250
724 165 1062 277
580 175 635 226
946 186 1241 371
696 182 792 245
396 184 491 241
263 191 409 286
739 189 865 285
361 177 458 252
707 176 822 251
1069 131 1241 249
699 176 798 242
267 181 363 228
1 180 321 373
602 174 687 246
681 181 744 231
1 178 187 312
89 175 313 268
1 178 110 226
452 189 536 228
295 191 402 254
458 183 546 242
382 182 465 240
798 147 932 197
482 171 563 210
27 176 398 371
790 182 1083 338
681 176 782 243
1 210 88 305
1 186 208 320
789 191 1212 360
69 194 190 246
241 195 350 256
693 172 816 271
1011 187 1180 236
218 194 380 290
1111 160 1241 253
398 182 493 254
337 185 414 226
735 180 862 238
780 174 1055 302
58 168 350 281
9 188 131 272
550 170 603 215
374 172 461 211
747 183 906 241
213 181 336 249
515 164 599 236
310 187 450 236
778 185 1224 371
435 182 503 230
155 166 428 351
669 167 768 237
801 191 1046 332
461 183 528 232
583 183 681 268
258 187 418 271
706 175 825 254
585 171 644 231
104 181 304 282
290 185 377 228
577 185 652 255
482 188 692 292
410 189 489 245
388 170 506 268
845 178 1242 374
550 177 609 227
949 176 1088 222
1103 161 1242 229
16 202 171 253
797 184 954 302
113 190 216 227
719 178 832 255
649 177 716 231
514 180 576 228
2 168 124 375
1 113 326 371
737 191 964 340
696 192 804 281
321 182 429 250
776 173 930 269
588 177 658 242
775 199 1235 370
723 181 903 308
340 189 417 236
726 174 870 285
802 167 1029 232
1 199 242 356
453 166 544 208
576 175 628 226
784 197 1000 312
743 182 851 264
921 169 1235 365
465 178 541 226
400 191 470 238
386 177 507 270
854 180 924 245
363 179 456 252
604 178 669 238
888 154 1237 370
144 194 249 242
488 175 584 257
1 164 184 365
878 208 1238 374
764 181 889 272
517 173 572 210
423 180 514 253
753 163 892 212
653 186 753 247
263 193 377 258
360 190 464 225
941 141 1240 371
735 186 826 258
5 175 204 354
591 176 655 234
639 168 717 224
380 177 473 215
2 181 182 369
596 173 645 221
347 184 423 223
331 194 502 304
1 229 157 348
518 186 575 229
705 190 844 292
220 191 473 367
26 189 138 231
705 173 772 227
405 182 522 273
806 172 949 225
638 171 696 212
1 190 288 285
409 186 472 238
35 203 171 256
447 174 534 241
530 173 576 211
464 189 591 247
719 140 957 294
333 190 423 219
806 161 954 210
483 179 579 213
705 197 787 229
536 164 600 216
1 170 194 296
683 185 783 262
695 174 861 241
87 171 202 224
704 179 848 285
660 187 719 233
728 178 847 261
1 176 155 362
1 193 74 313
725 185 769 225
1 181 167 356
802 172 871 231
588 175 625 213
564 178 619 227
331 183 422 215
26 176 163 242
774 160 901 267
393 174 512 224
363 176 522 244
604 178 662 231
473 185 554 225
304 183 396 227
422 179 495 229
3 197 147 255
746 161 1051 365
437 176 512 237
588 184 656 234
239 175 296 208
162 187 390 270
1 189 174 372
474 178 558 253
983 174 1235 297
265 168 451 242
5 169 273 332
587 175 646 224
656 176 720 226
33 201 134 247
330 190 456 242
681 177 745 234
837 170 1222 368
352 207 472 296
379 191 468 238
161 140 479 249
79 177 344 269
2 169 90 374
679 173 771 248
882 173 1045 299
1 206 143 297
351 184 525 287
358 170 478 226
490 183 554 229
396 184 471 233
835 188 1111 290
229 185 331 239
688 192 732 232
643 161 780 223
395 174 553 240
413 182 494 217
130 188 245 243
310 180 397 231
224 195 305 242
571 183 619 226
1 183 86 358
110 195 264 259
151 189 294 267
662 173 752 247
1 185 205 367
239 176 358 243
820 180 1216 375
1 195 121 275
205 179 348 242
414 177 497 210
418 185 515 237
453 183 533 237
674 180 777 252
746 177 802 211
7 158 256 329
6 162 135 364
810 188 1082 297
630 182 683 226
557 172 623 236
726 165 839 203
391 176 490 245
295 186 407 220
691 174 763 234
304 174 411 240
956 179 1092 223
148 156 317 251
459 165 542 222
3 164 265 282
373 176 459 240
69 179 268 272
671 163 733 217
1128 137 1242 243
325 189 405 238
534 175 596 223
249 193 383 251
332 182 411 229
576 172 618 216
321 180 411 238
569 182 622 227
686 177 783 250
8 189 127 231
935 123 1235 369
152 184 434 268
604 178 669 235
182 194 281 241
1 170 107 341
651 174 714 223
700 176 775 237
1062 166 1242 250
685 190 790 259
510 173 580 231
782 181 1032 300
515 162 795 285
987 201 1239 332
119 191 229 233
184 185 304 234
494 179 586 215
1 199 89 260
522 174 580 222
168 140 477 249
509 156 711 254
618 176 670 229
128 178 464 375
990 190 1237 370
382 181 533 276
1038 161 1141 194
446 176 540 241
1 208 77 274
73 212 187 256
640 173 757 224
670 164 736 221
779 152 1237 375
2 211 156 315
27 185 369 307
236 179 451 250
806 147 953 202
257 179 331 223
690 197 786 235
752 174 923 289
770 171 929 300
782 174 871 224
291 188 375 237
491 176 549 231
428 178 507 248
1011 141 1242 246
344 178 503 247
441 185 503 238
662 175 745 244
481 180 553 225
3 195 192 372
379 192 500 281
573 171 620 219
198 188 294 225
111 184 326 263
1 195 161 321
1 182 188 369
450 184 539 246
7 173 243 284
584 178 624 218
618 165 726 200
517 172 632 215
456 186 530 236
375 167 610 268
571 175 625 226
273 178 401 232
93 183 430 333
377 185 507 254
2 188 134 354
558 175 605 219
446 182 523 241
155 181 295 254
349 191 445 250
686 177 755 228
1072 137 1242 270
431 187 504 232
658 184 713 230
3 181 437 374
721 181 796 242
655 177 707 219
452 184 515 231
2 198 182 284
680 178 742 236
928 191 1200 327
99 170 370 273
627 176 687 226
211 181 296 224
710 177 794 240
476 173 540 226
674 189 761 255
516 176 573 226
560 181 620 231
183 188 263 224
427 185 523 263
396 190 493 255
819 199 1132 294
481 168 538 210
1 229 94 372
404 188 478 229
578 171 631 226
228 180 428 261
7 180 76 227
466 176 544 240
11 186 117 235
278 171 421 271
39 181 370 269
31 184 327 294
993 165 1104 199
23 197 246 278
1 180 131 232
942 176 996 209
486 175 562 230
1122 198 1242 372
95 183 182 221
573 181 633 227
715 164 794 230
363 180 457 217
647 180 730 212
572 174 614 214
12 179 294 333
1 178 139 237
503 173 548 209
462 181 562 223
503 174 568 229
824 178 1076 273
381 188 438 225
704 171 809 250
575 170 619 215
407 185 496 222
241 160 414 283
376 173 462 237
216 191 325 243
1 197 86 323
609 170 663 206
725 155 922 299
244 192 360 240
1 183 125 373
458 182 562 260
169 180 363 244
700 167 745 206
403 175 511 265
188 182 284 221
1 193 131 255
247 184 320 222
569 179 619 230
578 177 635 233
558 177 616 232
210 179 298 210
517 173 561 208
1078 178 1171 221
405 179 463 214
115 176 393 273
217 196 434 336
496 180 556 230
708 177 845 286
1085 151 1239 373
369 182 431 225
278 183 360 232
310 193 406 226
711 175 816 242
2 190 146 276
571 176 623 221
241 175 402 262
589 175 647 224
708 163 786 194
569 187 621 230
641 174 691 216
207 171 421 251
8 157 226 372
83 197 177 229
206 200 367 293
565 186 620 228
446 179 515 207
335 183 439 228
120 183 243 225
262 187 459 280
445 167 703 276
513 161 606 237
415 182 487 228
650 175 695 210
402 186 471 228
1 122 150 286
124 169 347 245
665 187 717 229
602 168 645 207
260 192 338 228
599 172 657 222
332 175 447 241
183 177 381 270
593 170 647 225
722 162 967 253
272 185 421 237
270 177 335 210
694 179 775 245
339 190 496 242
207 188 471 264
849 160 1221 315
391 183 498 260
927 162 1134 247
1 138 84 266
351 184 457 238
430 189 505 245
587 175 625 215
417 174 504 232
58 185 178 262
808 185 1231 373
509 185 589 244
376 187 454 241
781 175 861 226
22 182 385 360
580 177 637 229
672 175 742 232
695 172 786 244
635 184 685 224
719 172 903 267
873 157 1015 204
732 174 825 243
261 185 376 242
524 161 584 211
674 175 735 222
1030 178 1242 370
670 188 721 233
459 183 516 227
1129 155 1242 202
3 170 131 230
231 168 426 258
598 185 662 239
685 173 772 248
628 176 674 203
654 177 715 234
419 177 522 212
689 175 806 267
1 216 95 251
550 173 618 225
724 183 811 244
701 188 820 282
1 203 119 329
584 178 622 213
164 174 370 239
697 167 828 287
459 187 533 236
398 192 524 299
375 187 453 249
2 186 126 321
594 169 640 215
657 160 730 232
46 207 141 239
278 171 446 254
559 176 612 232
1 194 106 370
467 194 544 254
592 171 647 224
1 185 57 214
424 182 466 204
568 178 614 212
666 173 761 251
705 178 854 276
325 175 432 227
1014 146 1224 251
3 199 174 285
1 167 84 226
204 172 270 207
590 173 626 211
1 178 152 328
682 178 752 231
460 185 528 241
107 178 373 290
311 187 424 254
1085 143 1221 185
1 192 87 253
349 181 454 268
611 173 665 227
525 177 659 225
245 178 433 276
3 149 83 268
643 172 700 217
574 178 621 225
550 165 602 220
679 170 773 240
580 184 634 229
753 160 1242 347
489 187 553 239
311 165 468 227
674 172 763 202
805 173 881 222
949 176 1062 220
506 182 556 215
1047 168 1222 229
72 195 188 241
321 188 437 243
1 206 83 249
284 189 357 226
308 176 463 265
694 173 769 238
688 177 767 240
704 176 834 278
503 161 561 214
309 182 453 236
222 188 350 260
780 181 876 230
51 191 147 228
641 176 693 227
771 178 845 224
377 162 440 216
581 162 685 209
8 204 171 311
390 175 518 225
582 178 656 252
654 176 701 214
693 172 806 222
671 176 744 237
643 168 776 230
326 182 403 234
1009 178 1242 372
772 177 818 208
1 199 80 263
601 172 638 209
251 175 389 240
134 188 338 267
667 170 739 230
1031 202 1242 372
26 185 130 220
661 179 760 251
698 176 813 232
244 175 383 237
7 205 198 371
433 186 495 228
674 174 764 210
1 180 59 226
1056 218 1242 371
939 172 1239 375
722 184 801 241
339 174 415 221
458 167 527 240
64 187 162 226
459 165 542 204
283 161 465 228
332 191 485 299
330 177 413 219
584 175 620 209
563 180 615 231
643 178 689 213
681 171 754 234
387 194 476 241
691 177 762 234
409 171 525 217
1012 203 1239 373
579 189 636 242
764 157 855 239
778 186 954 287
720 175 771 231
478 178 522 209
427 184 494 221
439 191 492 229
324 185 404 228
589 178 628 219
526 177 587 218
584 176 640 219
583 177 625 215
876 180 982 244
570 179 621 234
691 163 769 224
286 202 386 275
659 171 725 228
98 159 385 276
1099 187 1221 238
1 182 165 296
704 171 948 254
77 190 336 280
411 162 504 237
641 177 680 205
726 180 787 231
394 188 506 226
674 180 782 252
490 177 545 216
334 185 414 227
425 182 466 204
1003 163 1122 197
298 176 451 240
330 183 371 207
888 165 1005 219
525 189 566 222
346 179 419 228
212 193 341 256
768 183 831 221
194 164 304 202
4 207 124 375
103 192 285 281
405 181 478 234
450 177 567 231
556 175 616 234
718 162 820 197
408 178 506 214
504 173 556 219
648 177 692 216
270 203 345 237
475 169 543 224
1 120 287 375
373 187 471 220
290 189 405 235
1 229 193 374
495 191 552 236
326 174 472 235
63 176 367 276
122 175 206 217
187 184 282 222
686 194 786 267
579 171 646 223
683 175 739 219
449 175 518 229
632 176 676 215
11 198 454 375
1097 169 1242 375
569 177 623 235
327 190 389 225
761 177 848 222
585 182 625 217
263 184 347 227
13 195 140 233
1 198 203 374
568 174 626 233
606 191 646 226
260 174 451 252
740 184 874 236
323 174 400 216
741 173 878 243
971 184 1069 255
597 172 690 207
317 175 474 232
203 179 413 242
740 174 857 244
551 184 600 225
717 178 843 265
747 169 788 209
481 186 526 215
408 173 503 217
282 183 435 240
579 158 760 273
1 188 83 243
380 177 453 222
1045 145 1163 178
786 166 1094 294
937 193 1021 224
424 179 533 218
261 184 325 219
567 172 614 223
677 177 757 245
660 179 706 218
748 185 1032 351
445 187 512 248
585 173 639 219
574 180 621 222
666 177 719 218
4 197 83 288
131 194 226 229
587 172 622 209
679 176 748 228
802 173 866 205
279 180 371 219
588 180 662 244
335 181 501 240
398 183 469 224
502 180 552 215
95 185 195 238
309 178 395 224
417 181 527 221
687 178 780 249
513 179 560 222
802 173 866 205
548 187 598 230
748 164 847 229
641 176 675 203
9 187 142 286
699 163 778 193
948 207 1234 374
376 179 460 228
740 179 844 254
670 177 730 225
1164 146 1236 200
389 176 507 230
128 210 240 264
632 176 733 218
1149 199 1242 325
797 184 1083 279
361 179 461 224
332 176 411 223
365 179 480 222
402 171 507 216
151 179 264 224
350 171 481 227
311 182 395 239
716 169 825 222
492 186 554 238
438 190 497 239
700 171 766 221
7 203 407 374
1 197 170 371
241 183 357 249
409 169 521 219
739 175 809 214
700 169 768 222
230 178 387 238
36 178 294 279
324 183 400 222
677 175 736 222
208 176 421 254
733 156 811 186
1024 176 1126 250
363 182 478 229
370 178 504 231
412 194 467 238
228 193 303 228
800 171 958 266
648 179 686 203
651 176 718 224
507 181 560 217
370 176 485 219
235 207 302 252
641 185 689 221
675 180 729 223
483 176 542 228
555 173 624 234
59 191 186 244
1 196 81 299
705 185 825 265
23 183 103 222
95 184 205 224
626 176 669 206
575 171 620 218
472 190 522 230
428 185 466 206
3 204 61 237
330 190 376 214
500 187 553 226
983 162 1132 209
3 176 117 274
506 177 556 211
703 173 833 221
1 192 155 375
332 191 375 213
423 180 463 200
698 173 743 206
1 198 135 332
577 183 621 228
727 174 779 206
696 179 769 236
1 192 47 238
520 176 569 214
545 179 593 216
746 171 880 239
756 193 822 235
700 174 817 224
954 208 1242 374
424 179 462 200
655 179 714 224
909 166 1081 244
437 184 500 234
675 174 744 235
518 178 578 219
546 183 597 219
107 181 212 222
1 184 40 236
68 183 357 336
398 171 448 210
661 177 700 208
167 189 312 252
637 182 680 215
470 177 520 217
3 203 186 373
749 180 942 255
741 174 822 207
342 184 410 221
953 177 1074 216
815 158 893 196
653 184 717 221
665 167 747 209
232 181 312 220
435 185 503 233
1032 181 1153 230
118 201 214 240
424 177 464 198
361 174 488 227
11 174 235 283
47 193 134 244
437 178 497 221
401 187 473 240
619 175 704 204
1058 173 1177 253
542 152 632 185
286 172 454 243
506 176 553 208
332 191 374 213
685 175 740 220
640 179 692 221
678 179 744 237
684 173 799 250
638 179 679 211
29 217 108 284
563 175 616 230
612 166 657 201
198 177 386 252
423 181 480 222
886 156 970 193
553 185 601 217
687 175 784 254
713 179 767 212
41 186 282 275
510 178 565 221
204 178 284 212
585 174 630 220
235 172 292 206
245 177 434 259
510 180 557 218
1136 174 1242 224
156 192 269 240
406 183 475 221
334 187 376 210
661 175 722 227
417 181 500 248
445 187 510 233
671 164 740 215
426 177 534 226
43 186 150 230
143 180 232 216
681 176 769 237
678 186 746 243
674 171 731 213
572 190 626 226
623 170 676 214
666 181 725 212
346 179 485 242
985 183 1029 218
302 188 368 218
510 179 560 220
337 182 423 220
830 173 925 206
449 180 503 221
405 176 485 210
518 177 574 216
599 174 634 208
678 177 757 240
496 180 554 221
524 175 570 214
831 151 927 184
565 182 616 233
294 180 453 239
439 178 502 227
991 159 1046 205
476 172 547 222
417 180 482 227
563 168 595 195
289 188 459 245
187 170 255 202
613 176 673 229
13 203 143 259
430 185 478 226
316 187 374 215
846 176 883 211
673 180 725 220
651 177 712 226
124 177 353 364
107 198 197 225
419 175 520 222
576 198 616 235
665 177 732 237
536 175 580 208
572 174 611 208
637 162 667 181
488 183 536 214
1122 182 1239 370
817 166 900 204
390 177 471 239
183 191 280 235
456 183 511 221
284 195 375 238
373 173 497 231
1 208 36 243
448 176 531 231
428 178 495 226
501 179 552 222
669 167 744 196
657 183 713 211
322 185 452 222
282 176 339 208
659 175 737 241
1011 161 1242 262
686 177 754 239
298 188 367 242
581 178 621 219
729 172 774 205
696 173 785 249
660 173 730 230
590 170 630 211
509 182 566 227
632 177 663 203
1148 136 1237 191
565 178 618 229
610 162 646 187
336 176 474 228
573 174 612 208
177 180 274 231
551 171 605 223
88 174 191 218
690 169 792 236
374 180 514 297
578 173 670 240
499 178 539 207
158 180 383 266
493 168 584 251
753 164 803 207
275 163 393 213
660 171 723 222
367 180 474 221
130 194 370 297
496 175 547 217
332 190 374 212
428 180 501 208
170 184 238 211
56 176 187 240
651 179 694 215
238 179 318 225
452 184 501 219
358 188 414 220
6 191 244 366
528 182 588 222
349 182 482 230
461 178 512 211
70 189 182 235
576 182 635 231
496 176 541 215
471 182 521 210
510 189 556 229
165 186 321 267
911 187 1192 321
491 177 560 216
430 175 530 210
560 167 610 203
193 155 250 191
131 178 214 241
587 169 661 201
195 182 389 266
733 175 783 208
681 178 727 217
524 179 578 223
508 182 558 217
667 175 720 218
650 178 742 224
269 190 340 234
355 181 400 202
58 193 329 284
299 191 356 222
505 182 555 219
667 171 752 208
624 177 718 213
239 190 347 249
590 176 617 203
416 186 480 222
653 171 718 222
382 182 505 231
702 184 804 253
384 168 447 208
678 178 750 238
701 190 834 255
382 191 433 219
605 175 649 210
437 184 483 214
648 168 720 223
835 145 933 177
575 177 611 209
572 173 626 227
247 178 309 209
592 172 620 200
550 181 610 227
425 182 509 207
552 176 598 221
652 176 713 212
28 171 303 304
349 176 482 222
60 180 355 295
452 173 528 210
655 179 689 205
364 187 418 218
683 179 744 212
393 187 506 244
766 193 894 246
242 184 320 224
291 178 353 214
331 175 398 206
193 181 278 213
648 186 716 240
227 174 408 232
525 169 583 220
466 184 512 225
642 177 709 226
469 176 524 208
136 182 362 271
606 179 634 206
410 173 517 222
583 171 654 244
314 178 388 205
737 175 917 242
312 184 372 208
1098 193 1242 371
591 172 616 197
474 180 534 231
426 182 486 217
586 186 632 232
348 187 487 247
275 181 408 232
687 181 755 236
416 182 472 223
421 183 460 205
399 180 446 208
1031 187 1240 374
1046 148 1221 197
280 178 387 216
759 171 802 215
368 183 492 224
796 174 885 217
973 164 1201 263
566 180 619 218
722 177 771 208
799 175 961 241
725 174 869 249
578 176 617 221
672 178 723 221
1101 177 1215 231
672 178 711 210
460 184 507 214
593 177 638 222
641 177 671 204
22 172 159 226
145 167 422 260
482 184 525 219
643 176 684 210
534 171 558 193
168 175 282 223
829 150 922 199
671 177 735 227
141 176 221 215
715 173 836 222
696 164 888 243
1 205 51 254
718 151 823 195
549 183 608 219
733 188 923 301
401 181 458 210
280 158 433 214
540 176 570 204
796 159 1001 239
345 186 421 220
518 180 572 229
513 182 575 222
402 181 443 207
675 180 738 224
238 183 334 236
392 159 459 201
689 186 771 221
206 185 261 220
303 178 453 236
682 177 732 210
665 178 720 221
560 175 614 227
602 177 645 220
331 175 397 206
747 177 927 247
563 172 586 196
645 175 714 228
640 174 667 198
4 182 188 269
683 180 738 225
573 179 623 222
508 181 563 224
1119 218 1232 375
533 182 573 214
433 176 484 212
547 174 571 196
437 171 496 224
375 180 489 222
961 165 1037 192
490 171 559 194
353 184 406 210
315 189 400 240
429 182 480 222
668 185 723 226
145 177 418 259
683 176 740 225
295 193 347 221
564 174 612 220
865 174 968 252
936 162 1016 196
3 184 78 228
375 181 420 204
599 169 637 208
153 180 243 214
354 177 496 237
383 188 513 229
378 185 421 221
333 172 397 203
555 178 606 216
387 181 434 211
87 205 174 248
707 175 741 205
642 167 671 191
81 202 200 250
438 177 486 216
219 191 282 219
1 209 57 315
528 175 573 216
448 176 507 219
227 178 296 207
668 180 754 239
662 171 750 209
352 181 390 205
638 170 664 193
693 166 739 201
560 186 592 207
370 176 437 216
492 178 556 221
471 198 555 254
379 183 444 214
459 179 511 224
433 175 496 226
382 182 450 207
291 181 360 206
277 178 337 205
1024 187 1241 369
433 180 507 209
664 174 738 237
574 177 611 210
893 144 1113 229
654 194 700 229
608 162 647 190
644 184 690 212
574 175 621 208
992 181 1112 223
663 183 721 224
334 173 397 204
511 176 563 223
605 180 658 226
375 190 419 219
633 177 681 218
699 175 808 225
1150 155 1242 372
511 180 567 228
450 179 513 225
677 167 785 228
590 179 619 208
538 175 607 203
580 186 611 214
747 171 845 266
613 178 646 200
419 170 506 216
543 194 577 221
654 176 718 220
580 175 623 218
391 174 506 214
1 193 46 235
595 178 624 208
446 180 504 212
333 186 494 258
595 190 644 221
821 169 888 196
376 181 420 204
331 175 397 206
330 174 398 205
590 175 619 204
692 180 783 242
390 182 442 220
569 167 602 192
578 179 621 225
592 176 619 202
301 181 375 218
261 189 351 231
395 181 525 230
115 181 284 250
343 183 476 236
577 179 611 205
334 203 397 230
477 186 511 210
539 186 583 229
35 169 331 293
776 175 959 242
117 195 208 226
329 189 388 231
465 184 533 249
1140 182 1242 314
703 177 769 224
254 175 328 214
378 189 453 234
502 179 551 211
548 178 582 205
878 176 1068 233
563 151 590 178
480 185 526 221
704 165 779 196
687 161 783 192
572 179 607 214
481 177 528 211
575 177 622 208
326 192 371 221
220 195 347 257
679 176 739 222
607 160 646 192
462 186 514 228
633 176 683 217
217 178 422 256
466 180 560 223
226 184 400 240
1083 171 1242 369
563 184 595 205
432 172 518 210
21 191 260 327
129 187 206 223
877 172 916 204
498 177 554 229
453 174 513 216
631 176 672 209
501 180 542 211
132 180 263 233
702 180 771 241
601 177 629 205
584 179 622 210
383 186 427 214
276 174 453 292
445 178 511 222
433 188 477 218
588 175 639 221
853 141 1175 225
651 194 698 230
644 182 713 233
489 181 540 215
356 175 399 202
487 165 530 202
537 178 568 201
699 180 759 222
82 198 228 250
966 165 1044 193
449 169 484 195
601 184 627 205
1002 177 1056 207
947 159 1097 224
487 174 534 208
467 163 561 200
645 178 696 215
66 194 353 299
991 159 1111 212
554 180 607 220
438 185 468 208
476 181 523 220
391 163 504 209
158 184 221 213
635 178 670 204
584 175 621 215
638 177 663 197
399 178 468 214
376 182 420 205
442 170 522 206
491 174 550 215
414 181 471 219
647 181 710 227
252 190 341 221
1 206 80 237
499 182 535 210
495 182 540 212
302 180 370 204
467 181 529 205
447 179 533 248
252 190 336 238
651 174 716 220
527 166 564 201
528 173 569 210
948 167 1034 269
588 178 639 229
569 179 604 204
492 179 555 230
465 180 500 205
990 162 1202 243
967 158 1153 246
498 174 537 206
354 181 406 208
883 166 956 200
447 179 494 207
642 179 677 206
149 165 269 208
168 189 379 285
520 173 558 193
888 179 1059 250
588 176 631 221
791 143 895 185
632 175 656 194
721 176 786 227
940 193 1015 227
635 174 691 223
644 161 693 187
543 183 576 206
472 184 518 214
1 186 81 233
787 187 922 240
595 177 626 204
341 190 385 215
100 186 186 213
561 167 601 192
1047 171 1185 221
376 182 418 204
431 183 491 232
492 176 541 200
391 186 437 215
869 174 948 213
652 168 706 214
489 174 553 222
217 174 415 244
204 179 275 208
460 172 521 217
226 184 335 233
523 179 563 208
324 183 383 217
424 177 495 229
398 185 453 223
1089 177 1154 211
275 179 329 204
529 177 560 201
468 173 506 197
427 181 486 201
646 173 694 216
495 190 530 218
621 187 666 219
581 178 609 206
254 173 307 199
1 176 93 225
695 185 745 224
808 175 1108 295
737 172 905 229
507 182 558 221
405 189 453 213
392 188 509 257
588 174 635 224
496 180 528 205
510 174 545 202
346 183 405 206
576 175 618 211
250 175 337 216
581 179 616 209
560 178 610 214
569 174 663 259
83 193 243 249
377 180 502 224
85 192 168 223
860 167 908 192
660 178 688 205
589 177 620 205
125 175 285 249
631 174 678 209
625 179 659 210
359 188 395 210
387 190 483 220
310 183 379 221
712 169 836 274
572 173 667 207
548 168 586 201
650 179 680 207
672 162 711 200
769 158 800 177
585 180 623 217
6 152 126 210
470 185 518 221
951 164 1201 233
422 180 465 212
255 175 303 201
961 175 1054 210
421 181 463 208
267 170 393 228
399 186 439 215
545 178 577 204
576 174 602 195
453 173 514 202
61 174 334 280
544 169 583 205
301 178 464 237
254 173 307 199
457 187 510 226
1135 171 1242 234
676 178 728 223
531 180 561 206
598 183 625 208
481 183 517 209
410 179 452 201
647 176 681 199
802 162 849 187
629 175 662 204
648 178 697 213
456 174 501 209
575 178 611 214
344 156 411 204
513 176 556 214
653 179 694 213
621 179 667 211
839 165 927 195
760 168 825 219
624 177 665 216
750 165 802 206
403 164 474 209
565 165 588 188
489 183 543 206
391 185 453 221
481 179 549 242
391 187 439 212
667 176 716 207
846 175 1094 288
457 179 510 216
678 179 727 217
510 183 556 218
189 175 267 210
494 178 529 203
720 177 764 213
124 190 241 240
377 183 420 205
653 184 704 225
606 188 663 228
577 177 606 205
746 173 825 247
503 187 551 223
296 185 357 225
657 191 684 214
1085 169 1180 209
566 180 606 223
283 188 341 216
385 177 484 215
640 174 665 194
582 183 630 215
381 185 484 223
421 181 476 222
989 166 1117 209
574 177 614 206
596 178 621 202
300 185 347 218
575 171 599 194
446 164 507 194
534 175 582 206
481 183 520 209
607 178 644 207
153 186 286 235
521 179 592 204
1085 180 1220 220
483 162 546 188
625 176 676 211
848 172 917 199
872 175 966 205
474 180 516 211
537 192 570 222
180 187 233 214
374 183 437 220
468 181 505 209
608 182 651 221
846 161 901 186
575 178 604 201
507 181 550 219
468 177 526 212
468 164 523 202
530 177 562 200
806 168 1032 287
288 182 361 221
141 190 234 224
812 175 1041 288
487 177 530 214
396 182 497 219
569 175 593 197
620 182 653 206
529 177 603 207
575 184 617 226
751 196 926 281
233 176 415 251
775 181 1020 256
234 184 356 242
806 163 854 188
555 172 581 195
649 180 696 223
634 175 663 201
715 188 749 214
266 181 315 206
518 187 551 210
533 178 567 205
691 177 732 208
552 177 571 195
429 183 471 210
641 175 682 208
341 189 493 240
402 184 521 261
638 180 672 206
638 179 670 206
193 182 293 227
696 174 793 241
542 168 588 203
594 178 621 203
474 174 536 195
290 168 445 229
563 188 596 216
491 180 547 226
657 176 720 212
285 161 327 190
272 190 342 220
6 167 189 369
582 173 619 201
572 171 632 223
567 178 596 199
404 180 519 263
640 180 671 206
870 191 1112 297
273 185 328 211
410 190 503 253
937 176 1028 218
41 184 151 236
669 159 755 193
1108 234 1242 375
589 170 616 199
657 182 704 216
575 179 607 208
1 204 234 367
274 173 327 196
642 176 678 208
376 183 419 205
393 182 438 205
548 186 578 210
495 173 527 195
664 181 719 210
643 175 717 203
451 186 489 212
578 177 624 220
452 188 515 224
653 176 711 222
631 172 661 196
338 181 384 216
246 180 295 203
561 166 604 189
648 182 678 200
370 169 453 202
433 175 546 221
338 188 391 214
577 184 615 221
231 189 300 238
475 180 530 215
484 184 539 225
337 179 408 205
503 175 551 212
430 179 486 217
349 179 452 248
435 181 482 212
1 211 115 372
632 177 659 200
501 186 548 223
664 179 725 222
515 181 572 221
585 170 632 208
629 173 658 196
609 181 638 201
593 174 627 207
189 202 269 240
1 191 66 250
795 164 837 199
702 176 821 237
583 176 606 198
408 181 442 203
1015 141 1118 185
264 177 328 213
530 181 569 210
649 179 700 220
390 176 434 203
545 173 584 203
914 176 1104 274
787 161 943 222
576 177 617 215
384 181 443 214
591 180 632 208
847 189 913 216
842 186 1202 303
696 178 753 221
658 179 708 222
493 185 537 221
634 180 679 220
262 197 333 227
513 187 546 212
660 168 695 194
309 188 369 223
377 184 419 206
157 174 259 222
341 162 483 226
714 173 738 192
537 177 579 199
578 173 635 224
549 178 594 220
805 170 863 201
631 178 665 203
506 170 544 201
519 174 556 209
174 196 239 235
581 160 643 191
259 175 314 201
476 189 514 218
564 176 605 207
3 183 279 312
666 168 764 206
449 182 512 223
656 185 703 226
656 187 714 234
1 184 144 369
651 179 761 225
796 162 952 232
605 177 635 207
651 179 703 215
640 183 672 200
406 187 438 207
180 185 247 212
336 187 384 209
869 160 938 194
551 167 584 195
496 177 540 211
668 184 737 247
487 175 541 221
888 175 938 207
291 177 342 205
210 191 310 232
400 190 442 216
381 183 421 209
254 192 312 222
574 183 612 209
200 164 388 232
512 185 571 229
443 185 478 208
778 172 864 208
437 182 484 223
666 176 734 228
4 190 83 248
195 184 253 214
885 164 953 196
440 179 478 212
854 170 902 193
465 189 508 224
269 193 335 223
277 185 379 220
1114 157 1238 288
489 182 529 211
597 174 627 200
452 185 496 215
675 180 764 215
685 171 711 194
605 168 649 195
1044 140 1165 188
461 177 529 238
511 179 552 207
397 176 464 205
420 174 488 203
441 190 479 216
761 165 877 209
594 169 622 198
484 178 551 229
576 184 606 212
429 177 509 209
697 161 808 241
502 187 588 246
539 174 580 206
594 176 625 202
573 188 630 223
917 179 1193 304
557 171 594 200
758 184 793 205
589 174 629 209
192 190 254 214
182 176 242 209
637 181 691 222
542 186 577 216
595 178 620 202
421 182 513 217
1 190 107 235
1 219 74 310
204 180 275 211
699 177 738 215
735 182 803 205
472 175 556 204
505 182 538 209
495 183 548 229
637 180 677 211
1160 198 1224 283
768 185 1029 271
664 178 757 253
637 178 670 206
681 176 722 213
114 183 222 221
374 183 433 205
10 195 174 374
882 162 942 193
128 177 372 262
359 189 418 237
598 178 623 203
548 180 573 205
706 174 903 261
881 164 973 261
545 179 585 225
674 175 749 212
621 177 668 199
290 190 374 252
391 180 460 207
737 171 785 196
533 188 563 212
898 165 959 191
423 191 459 217
9 185 207 285
650 172 712 224
570 186 610 219
365 184 426 206
302 192 395 222
510 186 565 220
477 182 517 211
559 173 579 194
549 168 599 205
620 179 652 205
392 164 504 217
657 176 693 206
324 184 394 223
698 168 769 190
544 177 574 202
1145 196 1242 375
432 188 482 220
449 171 485 193
333 189 374 210
608 166 636 193
255 162 303 193
370 181 433 222
590 174 638 221
691 175 740 208
496 180 525 202
775 161 813 186
638 182 684 221
630 172 657 195
549 178 574 202
431 190 469 213
315 176 353 195
144 186 300 252
568 181 603 206
673 177 707 197
574 172 599 196
206 186 315 230
397 183 438 206
573 188 600 210
639 174 679 206
224 180 270 202
294 190 384 236
688 173 713 193
121 203 449 371
769 181 926 270
471 185 514 215
589 170 627 204
526 179 559 208
492 175 531 195
398 172 504 217
216 177 305 209
531 171 562 197
498 179 534 207
565 165 603 191
1003 188 1241 295
544 170 570 194
1015 218 1239 368
383 185 427 209
436 185 475 211
186 205 244 237
124 191 188 221
354 189 488 276
787 163 842 184
557 174 623 210
545 170 587 204
124 194 199 224
535 183 564 206
618 169 660 198
52 176 194 243
630 171 678 206
638 177 679 217
170 194 218 221
2 214 100 306
686 178 801 234
394 174 471 239
679 179 716 214
456 174 495 195
1 215 58 328
483 184 515 207
513 175 545 203
635 172 663 195
654 164 706 197
589 178 613 201
639 185 681 216
856 117 894 146
746 177 817 207
465 171 502 195
522 179 548 201
435 183 477 207
1017 159 1145 235
678 176 735 211
582 185 615 214
454 181 495 202
444 177 526 212
606 179 634 207
579 181 615 215
500 183 564 211
394 179 451 222
425 176 455 193
485 194 529 219
2 102 270 356
321 169 409 212
645 176 676 206
510 172 567 215
2 181 141 268
840 174 891 207
531 163 578 203
651 178 711 227
622 180 665 218
512 177 561 211
546 168 573 193
578 172 615 201
405 167 450 196
644 177 671 201
295 184 457 253
498 174 541 209
433 185 489 206
601 181 630 210
807 181 942 236
981 162 1077 208
445 173 516 234
613 172 669 212
438 174 472 200
795 177 825 198
562 170 595 197
554 166 588 195
1002 161 1162 249
584 177 603 192
532 184 570 217
1 192 227 313
644 184 678 212
650 182 707 230
992 151 1118 186
652 175 697 199
512 177 568 205
3 216 168 376
350 179 472 231
430 184 461 207
658 176 707 213
459 190 504 223
1 191 33 218
657 182 727 224
651 168 685 193
638 177 674 207
557 177 597 196
529 187 566 222
368 181 431 211
508 176 550 210
1105 189 1242 368
345 184 397 209
587 171 634 213
515 174 558 213
171 177 238 206
480 174 530 219
588 176 616 197
163 180 369 242
586 176 615 204
343 186 408 206
523 186 563 218
661 170 707 214
589 177 615 205
320 177 380 206
647 162 743 194
392 183 441 212
652 177 691 203
143 176 221 207
547 163 571 182
674 184 733 236
453 178 526 217
599 179 626 207
549 192 580 216
518 184 558 210
576 174 605 203
697 173 744 209
574 208 608 244
651 174 682 193
579 177 608 206
513 183 557 219
600 167 635 197
643 194 671 216
958 165 1242 250
661 176 707 213
433 170 520 206
365 185 410 211
461 180 489 201
655 176 715 207
407 174 496 219
526 179 564 214
227 193 281 222
613 175 683 209
215 184 424 358
668 171 719 215
658 173 684 195
408 163 454 200
821 165 865 191
62 178 225 238
788 173 864 210
602 174 632 204
323 177 367 200
670 166 747 204
84 197 174 232
759 164 806 199
728 172 754 193
514 181 540 205
380 190 423 223
470 180 514 209
577 180 604 207
418 180 452 202
299 187 360 212
605 163 639 194
108 191 220 234
913 172 1113 230
72 180 177 221
583 172 612 195
763 161 926 217
465 187 519 228
237 194 315 229
665 177 709 210
481 180 537 225
515 186 547 212
213 189 279 218
554 187 584 209
481 183 526 217
406 178 450 208
599 173 639 200
530 173 569 208
547 175 570 194
477 176 517 208
647 174 696 208
536 175 558 196
640 174 685 208
1146 138 1238 191
661 158 704 195
449 171 487 195
523 174 560 199
583 182 611 207
660 177 711 219
637 173 676 208
481 178 526 209
580 184 614 205
396 184 460 226
579 186 624 222
479 182 543 234
683 161 948 263
456 182 495 199
632 177 661 205
250 185 307 209
258 186 301 208
133 196 385 305
923 161 995 194
586 178 633 222
538 173 579 207
650 175 696 206
666 177 702 199
512 167 559 208
479 181 525 212
666 176 715 201
21 196 111 227
502 179 528 204
445 178 477 196
423 183 459 206
496 186 543 218
434 168 516 214
572 174 619 213
817 173 870 206
692 171 732 197
542 177 581 211
533 171 562 197
506 184 556 221
378 177 428 209
961 159 1067 207
596 175 645 225
404 178 524 220
356 177 436 209
389 184 438 210
478 178 524 210
574 177 607 199
580 175 610 202
457 185 505 219
325 175 394 205
306 188 368 227
365 185 420 222
9 211 203 376
513 185 550 214
954 133 1140 248
380 185 480 219
679 174 709 197
246 180 429 255
120 178 327 260
664 168 752 196
202 195 238 224
557 182 582 202
649 180 682 205
537 185 563 206
358 184 394 204
478 173 550 204
664 174 692 192
644 180 668 201
531 176 562 203
640 175 678 210
475 181 522 209
612 181 650 208
225 183 270 215
477 182 528 227
719 191 875 267
739 181 770 201
334 175 368 193
556 183 592 199
678 164 729 189
760 161 839 201
635 177 686 217
729 167 787 187
403 185 441 209
393 181 521 233
1037 164 1129 206
388 171 422 194
604 181 629 204
1077 171 1239 231
563 176 589 196
646 182 684 216
544 176 576 204
128 196 211 238
411 180 454 203
613 162 640 185
563 168 601 202
465 183 509 224
522 173 565 204
581 173 605 193
544 174 574 198
653 161 682 187
468 186 529 245
409 190 440 208
436 188 473 212
576 172 609 202
771 183 806 207
841 168 877 189
452 184 499 213
548 177 572 198
567 167 596 192
633 176 667 203
664 174 702 209
54 205 149 243
506 180 560 219
498 177 522 195
651 178 686 207
552 178 575 198
332 185 397 222
446 172 496 207
506 186 544 212
786 159 829 188
636 173 672 202
454 177 497 202
657 157 712 213
588 170 616 194
390 185 444 214
350 174 436 209
496 181 529 202
477 172 512 203
608 177 648 207
529 175 571 208
6 155 163 344
303 178 357 202
665 162 715 192
632 181 671 213
901 176 949 205
550 171 583 203
685 175 724 199
562 178 588 196
559 174 591 202
782 173 814 193
359 175 480 218
544 177 576 202
6 220 114 336
534 182 566 206
568 177 615 213
414 177 468 210
622 170 662 204
535 188 564 212
563 178 589 196
619 170 661 206
594 173 621 200
507 178 551 205
272 179 333 221
200 191 261 233
564 183 601 218
661 174 696 204
587 169 615 198
511 183 560 219
376 177 431 209
571 178 607 208
530 181 562 206
485 185 519 212
464 167 500 189
985 154 1048 205
523 177 546 194
405 177 481 205
447 180 510 204
587 169 620 196
696 174 764 209
550 170 583 200
711 171 780 216
677 175 707 197
653 176 690 210
134 198 215 241
393 184 439 212
376 182 494 242
518 182 552 206
648 178 725 212
439 189 494 225
574 175 623 224
316 178 474 292
567 180 597 199
707 178 784 211
683 186 751 240
493 183 542 217
578 192 609 219
451 175 522 213
401 189 457 221
303 171 340 193
537 181 564 201
685 174 722 199
840 170 888 192
499 172 555 217
468 179 496 197
381 178 440 219
520 177 548 202
536 169 568 193
409 186 452 213
196 183 395 266
479 159 534 197
824 170 858 188
622 173 670 208
660 172 686 192
524 174 568 207
614 170 638 192
630 163 661 191
561 182 591 205
574 156 603 184
352 180 491 239
465 179 504 206
663 171 723 219
409 177 454 206
660 177 709 222
317 185 362 207
240 173 458 246
759 176 810 205
553 181 576 200
586 184 618 217
1163 228 1242 375
592 171 621 202
211 180 296 226
373 169 422 200
715 180 756 211
381 180 430 206
564 179 613 226
556 181 583 202
587 179 622 207
671 174 697 194
658 189 691 217
612 178 653 209
921 190 1000 220
170 179 304 229
521 178 566 199
437 179 512 217
423 186 458 209
463 180 510 215
277 182 323 206
525 180 565 206
155 182 215 215
591 172 618 196
1050 145 1163 188
405 180 436 198
792 169 831 192
613 178 641 200
9 194 108 241
643 176 674 203
509 178 544 199
479 175 526 207
453 176 512 217
398 175 510 230
509 178 544 199
622 176 649 195
702 190 802 228
666 175 698 197
829 164 884 195
559 175 578 192
482 181 530 214
691 176 743 215
427 176 471 197
88 164 225 222
644 172 691 214
357 179 471 234
527 175 567 203
489 184 525 211
710 172 832 226
395 182 444 215
743 178 778 202
647 173 689 213
3 199 130 319
595 168 641 199
513 186 552 218
629 179 658 202
643 169 684 207
631 170 720 195
732 162 765 199
221 181 274 207
544 178 563 193
450 165 511 220
711 173 757 196
555 168 579 186
408 174 444 196
430 178 528 226
601 175 631 205
585 177 616 208
630 179 659 203
617 172 645 194
641 178 676 202
468 191 547 220
612 162 640 187
950 163 1012 185
397 169 507 209
642 167 682 199
738 192 790 231
438 161 466 182
436 177 532 252
384 187 431 210
660 177 707 209
637 176 663 196
590 186 612 206
453 179 503 220
451 174 530 209
380 178 482 234
491 172 552 193
650 186 692 220
571 181 621 212
705 174 741 198
620 172 652 201
645 173 677 197
236 196 297 219
550 188 578 209
678 173 755 210
680 190 713 216
507 183 547 206
548 181 581 210
1086 143 1214 193
448 186 526 228
242 176 426 238
636 175 662 196
356 188 408 211
640 179 670 205
632 171 665 200
655 173 695 200
660 165 818 222
173 176 427 319
583 168 609 187
339 180 439 222
661 177 701 213
651 176 680 203
484 188 539 226
642 178 677 207
697 166 756 190
734 171 758 191
495 179 518 196
707 173 729 190
471 182 530 202
604 172 632 201
486 184 530 216
783 158 888 233
597 175 627 206
504 173 543 202
566 174 594 192
798 184 831 201
230 188 284 216
668 179 707 209
666 169 769 204
657 180 715 221
331 174 429 231
421 177 504 211
513 181 572 196
656 177 721 202
584 179 610 201
402 180 487 211
448 179 515 207
351 171 386 188
592 180 619 207
362 180 397 198
644 175 688 213
651 169 683 190
945 156 1038 219
390 175 450 211
583 175 601 190
818 173 852 197
574 174 606 194
638 166 668 194
310 190 395 227
641 179 675 204
505 178 600 203
529 178 562 207
529 169 556 193
463 177 500 207
651 160 699 202
466 175 511 208
606 169 632 198
292 184 399 219
310 192 377 224
598 174 631 205
725 164 785 186
802 164 932 210
459 185 495 210
295 188 439 238
598 179 634 212
466 179 497 205
651 177 686 201
553 185 575 204
600 177 632 208
544 165 575 187
534 190 563 217
648 178 688 219
590 175 619 204
879 169 926 187
694 166 761 194
532 175 568 206
535 182 561 201
865 162 914 180
392 186 483 219
646 180 681 211
548 180 574 202
830 177 896 209
484 180 527 207
731 169 750 185
533 193 574 227
598 166 651 196
513 182 541 201
7 182 165 268
535 177 558 197
398 170 442 198
394 188 436 210
664 177 697 209
1131 204 1241 375
717 164 770 184
518 175 551 192
289 189 388 245
497 169 541 199
720 174 771 208
820 171 857 194
600 177 622 197
418 176 448 195
422 179 451 195
256 181 373 217
594 173 630 207
510 176 558 202
1099 165 1242 367
526 193 603 219
658 172 691 200
481 180 526 207
321 170 397 202
808 176 1012 257
396 172 482 222
659 175 687 199
423 192 453 210
554 170 575 189
631 166 678 195
545 181 574 206
759 180 797 207
500 178 534 200
489 169 511 191
379 178 406 199
585 177 605 194
586 174 635 216
501 170 540 204
670 176 700 200
414 179 445 198
676 170 748 220
684 163 730 202
624 178 657 203
249 195 295 227
558 179 580 195
581 177 600 191
1141 174 1239 249
466 186 513 214
708 175 727 192
341 176 392 205
646 154 670 173
757 177 796 205
429 173 551 212
552 181 578 201
488 177 527 204
428 185 486 216
532 175 581 221
558 182 577 197
266 190 457 246
419 179 481 231
200 190 254 215
349 176 455 224
462 175 540 204
638 174 691 213
414 183 534 239
650 179 696 216
588 175 617 200
496 185 535 212
240 179 288 198
375 187 449 219
644 175 673 197
644 176 680 207
539 166 575 192
265 189 465 246
607 191 627 208
410 178 461 209
673 177 694 195
589 174 614 201
717 176 770 200
713 174 736 191
422 176 449 192
645 170 690 209
912 145 975 168
86 191 295 257
497 174 551 220
551 177 578 202
478 188 530 225
18 197 229 354
381 178 413 193
376 177 491 242
322 178 364 203
458 178 494 195
525 185 564 220
590 179 642 219
684 174 714 195
807 174 868 204
432 178 497 204
4 157 146 302
394 177 481 223
476 179 515 205
589 180 632 211
789 180 838 206
582 176 602 192
206 188 360 251
452 176 497 214
1014 149 1141 237
433 182 465 200
926 151 1106 275
638 176 690 205
482 187 513 207
426 180 482 222
486 181 520 208
712 166 732 182
571 168 604 198
681 177 735 206
476 187 500 202
558 165 579 184
668 176 701 200
663 170 694 197
424 183 502 236
630 175 654 194
1 202 75 320
627 184 667 204
35 182 288 274
676 167 790 233
676 181 731 224
588 181 606 197
419 179 450 200
822 177 957 257
423 183 524 222
604 168 644 202
101 196 143 226
620 166 663 202
12 188 251 332
594 173 630 208
430 184 465 205
531 176 553 195
281 178 421 226
557 184 579 200
640 172 702 191
583 166 634 201
673 186 746 232
551 179 569 194
17 187 209 320
316 183 390 235
383 177 468 203
582 176 601 191
462 182 501 209
530 183 554 199
743 172 771 196
656 184 685 206
495 172 536 195
1 217 145 375
488 181 528 209
309 180 340 201
187 188 256 215
91 171 338 284
576 176 601 192
587 182 607 197
454 177 480 194
799 169 861 208
437 177 502 200
635 180 655 197
648 168 714 194
527 181 569 211
1164 167 1241 269
667 182 717 221
557 181 578 197
607 180 627 195
339 180 374 201
710 166 816 241
562 170 584 192
535 179 567 200
21 160 248 265
454 190 484 210
422 179 451 197
865 175 894 190
1 244 218 373
750 153 833 180
474 192 500 208
632 180 652 197
1031 150 1242 244
443 185 480 212
821 171 860 189
538 168 569 194
188 195 284 228
550 183 578 208
189 170 348 222
84 195 296 310
1 180 69 375
764 176 793 199
3 200 221 375
541 179 568 206
588 180 608 195
530 166 559 194
576 176 606 205
471 197 526 228
585 181 611 201
539 170 570 199
428 177 503 215
427 179 455 195
448 179 477 197
482 177 537 203
586 165 641 210
756 176 895 229
560 168 593 189
106 198 203 235
645 164 696 206
696 175 739 202
101 169 362 269
490 185 526 208
553 168 592 195
503 173 568 226
244 177 329 213
916 168 1062 206
494 181 529 208
610 176 637 194
362 169 392 190
350 176 381 198
455 188 498 212
314 182 365 207
843 160 910 183
550 168 578 185
410 180 485 214
579 173 616 207
703 174 747 196
531 177 567 204
187 166 247 201
588 168 624 203
419 178 498 215
669 179 731 207
378 190 416 215
831 176 902 212
534 181 559 203
627 167 651 187
641 175 668 201
600 172 637 199
561 167 592 188
238 192 388 290
427 168 514 212
540 180 562 200
317 182 368 209
284 180 324 199
527 178 559 202
895 162 936 181
629 167 667 201
591 173 616 193
15 179 253 337
21 187 287 316
543 178 574 206
6 222 252 328
453 175 479 192
419 185 468 207
615 177 644 196
1 193 39 252
635 165 666 193
768 169 825 202
653 176 707 220
790 159 841 188
834 178 862 197
959 159 1005 179
648 177 697 201
566 170 607 208
109 186 384 272
517 180 574 208
627 173 651 193
978 177 1242 295
7 186 51 269
460 185 522 220
636 177 672 213
461 184 491 207
628 173 656 197
544 173 574 196
635 177 654 195
862 158 914 190
331 182 385 215
320 188 387 234
605 181 626 201
473 177 505 196
461 176 522 209
796 178 858 206
270 177 382 231
229 191 269 214
453 176 499 205
347 177 400 209
366 177 402 200
510 176 551 197
607 179 633 200
915 191 1138 285
349 178 389 197
692 173 714 192
402 194 497 246
544 175 575 203
561 168 592 188
449 177 509 202
297 189 350 221
655 184 711 225
391 178 418 195
682 174 717 192
373 182 421 206
520 173 549 198
806 177 841 205
145 179 333 257
1 197 67 254
7 185 132 266
481 184 517 210
531 178 557 200
965 178 1134 240
1214 243 1242 345
424 169 526 206
665 178 712 218
619 176 651 200
439 176 509 208
988 170 1213 233
652 178 684 200
